MAT,,,9437,9437,9437,9437,9437,9437,9437,9437,9437,9437,9437,9437,9437,9437,9437,9437,9437,9437,9437,9437,9437,9437,9437,9437,9437,9437,9437,9437,9437,9437,9437,9437,9437,9437,9437,9437,9437,9437,9437,9437,9437,9437,9437,9437,9437,9437,9437,9437,9437,9437,9437,9437,9437,9437,9437,9437,9437,9437,9437,9437,9437,9437,9437,9437,9437,9437,9437,9437,9437,9437,9437,9437,9437,9437,9437,9437,9437,9437,9437,9437,9437,9437,9437,9437,9437,9437,9437,9437,9437,9437,9437,9437,9437,9437,9437,9437,9437,9437,9437
MT,,,2,2,2,2,2,2,2,2,2,2,2,2,2,2,2,2,2,2,2,2,2,2,2,2,2,2,2,2,2,2,2,2,2,18,18,18,18,18,18,18,18,18,18,18,18,18,18,18,18,18,18,18,18,18,18,18,18,18,18,18,18,18,18,18,18,18,102,102,102,102,102,102,102,102,102,102,102,102,102,102,102,102,102,102,102,102,102,102,102,102,102,102,102,102,102,102,102,102,102
E,,,"(1e-05, 0.1]","(0.1, 0.54]","(0.54, 4.0]","(4.0, 8.31529]","(8.31529, 13.6945]","(13.6945, 22.5639]","(22.5639, 40.0322]","(40.0322, 67.8149]","(67.8149, 92.0143]","(92.0143, 148.83]","(148.83, 303.339]","(303.339, 455.653]","(455.653, 750.762]","(750.762, 1237.0]","(1237.0, 2038.15]","(2038.15, 3420.87]","(3420.87, 5533.14]","(5533.14, 9116.74]","(9116.74, 15021.3]","(15021.3, 25211.9]","(25211.9, 40779.5]","(40779.5, 67190.7]","(67190.7, 110707.0]","(110707.0, 182408.0]","(182408.0, 303339.0]","(303339.0, 499799.0]","(499799.0, 823498.0]","(823498.0, 1356840.0]","(1356840.0, 2235620.0]","(2235620.0, 3683540.0]","(3683540.0, 6069220.0]","(6069220.0, 10000000.0]","(10000000.0, 20000000.0]","(1e-05, 0.1]","(0.1, 0.54]","(0.54, 4.0]","(4.0, 8.31529]","(8.31529, 13.6945]","(13.6945, 22.5639]","(22.5639, 40.0322]","(40.0322, 67.8149]","(67.8149, 92.0143]","(92.0143, 148.83]","(148.83, 303.339]","(303.339, 455.653]","(455.653, 750.762]","(750.762, 1237.0]","(1237.0, 2038.15]","(2038.15, 3420.87]","(3420.87, 5533.14]","(5533.14, 9116.74]","(9116.74, 15021.3]","(15021.3, 25211.9]","(25211.9, 40779.5]","(40779.5, 67190.7]","(67190.7, 110707.0]","(110707.0, 182408.0]","(182408.0, 303339.0]","(303339.0, 499799.0]","(499799.0, 823498.0]","(823498.0, 1356840.0]","(1356840.0, 2235620.0]","(2235620.0, 3683540.0]","(3683540.0, 6069220.0]","(6069220.0, 10000000.0]","(10000000.0, 20000000.0]","(1e-05, 0.1]","(0.1, 0.54]","(0.54, 4.0]","(4.0, 8.31529]","(8.31529, 13.6945]","(13.6945, 22.5639]","(22.5639, 40.0322]","(40.0322, 67.8149]","(67.8149, 92.0143]","(92.0143, 148.83]","(148.83, 303.339]","(303.339, 455.653]","(455.653, 750.762]","(750.762, 1237.0]","(1237.0, 2038.15]","(2038.15, 3420.87]","(3420.87, 5533.14]","(5533.14, 9116.74]","(9116.74, 15021.3]","(15021.3, 25211.9]","(25211.9, 40779.5]","(40779.5, 67190.7]","(67190.7, 110707.0]","(110707.0, 182408.0]","(182408.0, 303339.0]","(303339.0, 499799.0]","(499799.0, 823498.0]","(823498.0, 1356840.0]","(1356840.0, 2235620.0]","(2235620.0, 3683540.0]","(3683540.0, 6069220.0]","(6069220.0, 10000000.0]","(10000000.0, 20000000.0]"
MAT,MT,E,,,,,,,,,,,,,,,,,,,,,,,,,,,,,,,,,,,,,,,,,,,,,,,,,,,,,,,,,,,,,,,,,,,,,,,,,,,,,,,,,,,,,,,,,,,,,,,,,,,
9437,2,"(1e-05, 0.1]",0.00213314,0.00169457,0.00199864,0.00195878,0.00175099,0.001126345,0.002039451,-0.0001517886,-0.0006399271,0.0006888969,-0.000376657,0.0008706155,0.0005040825,0.001088245,0.0007813151,0.0002092851,0.0,0.0,0.0,0.0,0.0,0.0,0.0,0.0,0.0,0.0,0.0,0.0,0.0,0.0,0.0,0.0,0.0,-2.6651e-05,-6.2106e-05,-6.06413e-05,-0.000224273,-0.000333121,-0.0002731846,-8.239521e-06,-0.0003261466,-0.0003186788,-0.0002703688,-0.000328772,-0.0003361756,-0.0003488192,-0.0003464729,-0.0003452019,-0.0001339244,0.0,0.0,0.0,0.0,0.0,0.0,0.0,0.0,0.0,0.0,0.0,0.0,0.0,0.0,0.0,0.0,0.0,-7.13652e-05,-4.71511e-05,-0.000159637,-0.00129966,-0.00062491,-0.001223693,-0.0001004614,-0.001297726,-0.001117359,-0.0009630828,-0.00107174,-0.0009189421,-0.0008744333,-0.000573381,-0.001057478,-0.0004718504,0.0,0.0,0.0,0.0,0.0,0.0,0.0,0.0,0.0,0.0,0.0,0.0,0.0,0.0,0.0,0.0,0.0
9437,2,"(0.1, 0.54]",0.00169457,0.00140482,0.0016239,0.00158448,0.00141896,0.0008950631,0.001655488,-0.0001989795,-0.0006051476,0.000519817,-0.000410359,0.0006669665,0.0003707157,0.0008668178,0.0006024369,0.0001585438,0.0,0.0,0.0,0.0,0.0,0.0,0.0,0.0,0.0,0.0,0.0,0.0,0.0,0.0,0.0,0.0,0.0,3.6305e-05,5.63042e-05,2.18922e-06,-0.000165778,-0.000261094,-0.0002095986,1.692538e-07,-0.0002444133,-0.0002422394,-0.0001807842,-0.000252806,-0.0002463344,-0.000270646,-0.0002524608,-0.0002560585,-0.0001037352,0.0,0.0,0.0,0.0,0.0,0.0,0.0,0.0,0.0,0.0,0.0,0.0,0.0,0.0,0.0,0.0,0.0,0.000103166,0.00012078,-1.67591e-05,-0.00113831,-0.000546022,-0.001072165,-8.821522e-05,-0.001141802,-0.0009882399,-0.00085233,-0.000944431,-0.0008089485,-0.0007551159,-0.0004891514,-0.0009079528,-0.0004037287,0.0,0.0,0.0,0.0,0.0,0.0,0.0,0.0,0.0,0.0,0.0,0.0,0.0,0.0,0.0,0.0,0.0
9437,2,"(0.54, 4.0]",0.00199864,0.0016239,0.00189683,0.00185193,0.00166002,0.001037054,0.001939397,-0.0002758547,-0.0007500474,0.0005892924,-0.000530816,0.0007605952,0.0004052735,0.001003123,0.0006801706,0.0001760044,0.0,0.0,0.0,0.0,0.0,0.0,0.0,0.0,0.0,0.0,0.0,0.0,0.0,0.0,0.0,0.0,0.0,9.95489e-06,1.58869e-06,-1.98739e-05,-0.00018699,-0.000303001,-0.0002357461,-6.031485e-07,-0.0002819329,-0.0002772029,-0.0002102279,-0.000286652,-0.0002847713,-0.0003134973,-0.0002946172,-0.0002997049,-0.0001222183,0.0,0.0,0.0,0.0,0.0,0.0,0.0,0.0,0.0,0.0,0.0,0.0,0.0,0.0,0.0,0.0,0.0,3.48382e-05,5.70731e-05,-8.77189e-05,-0.00138464,-0.000663841,-0.001303877,-0.0001073972,-0.001387626,-0.001200958,-0.001034016,-0.0011475,-0.0009841257,-0.0009192384,-0.0005902149,-0.001103396,-0.0004913242,0.0,0.0,0.0,0.0,0.0,0.0,0.0,0.0,0.0,0.0,0.0,0.0,0.0,0.0,0.0,0.0,0.0
9437,2,"(4.0, 8.31529]",0.00195878,0.00158448,0.00185193,0.00181607,0.00162757,0.001069462,0.00188972,-8.572462e-05,-0.0005281518,0.0006748504,-0.000285915,0.000838806,0.0005099637,0.001033345,0.0007584982,0.0002073411,0.0,0.0,0.0,0.0,0.0,0.0,0.0,0.0,0.0,0.0,0.0,0.0,0.0,0.0,0.0,0.0,0.0,4.63142e-06,-5.15813e-06,-2.18835e-05,-0.000166903,-0.000263314,-0.0002095487,-1.506621e-06,-0.0002497867,-0.0002450481,-0.0001883426,-0.000254058,-0.0002509574,-0.0002773327,-0.0002614289,-0.0002660035,-0.0001078316,0.0,0.0,0.0,0.0,0.0,0.0,0.0,0.0,0.0,0.0,0.0,0.0,0.0,0.0,0.0,0.0,0.0,1.63032e-05,3.51026e-05,-8.23745e-05,-0.0011473,-0.000550617,-0.001080175,-8.896126e-05,-0.00115612,-0.001003447,-0.0008614448,-0.000961496,-0.0008204883,-0.000777669,-0.0004995804,-0.0009371134,-0.0004179995,0.0,0.0,0.0,0.0,0.0,0.0,0.0,0.0,0.0,0.0,0.0,0.0,0.0,0.0,0.0,0.0,0.0
9437,2,"(8.31529, 13.6945]",0.00175099,0.00141896,0.00166002,0.00162757,0.00147363,0.0009654302,0.001708602,-0.0001567605,-0.0005290284,0.0005927381,-0.00034754,0.0007327723,0.0004381599,0.0009294136,0.0006621562,0.0001793151,0.0,0.0,0.0,0.0,0.0,0.0,0.0,0.0,0.0,0.0,0.0,0.0,0.0,0.0,0.0,0.0,0.0,6.35729e-06,-1.34937e-05,1.64894e-05,-4.14865e-05,-0.000136842,-7.112086e-05,1.310785e-05,-0.0001079333,-0.0001008255,-4.475808e-05,-9.98108e-05,-9.861159e-05,-0.0001496544,-0.0001158991,-0.00013217,-6.525004e-05,0.0,0.0,0.0,0.0,0.0,0.0,0.0,0.0,0.0,0.0,0.0,0.0,0.0,0.0,0.0,0.0,0.0,3.60472e-05,5.11674e-05,-6.75191e-05,-0.00114951,-0.000546989,-0.001082394,-9.006443e-05,-0.001172069,-0.00103022,-0.0008724672,-0.000978524,-0.0008296763,-0.000761551,-0.0004581843,-0.0009001116,-0.0004008167,0.0,0.0,0.0,0.0,0.0,0.0,0.0,0.0,0.0,0.0,0.0,0.0,0.0,0.0,0.0,0.0,0.0
9437,2,"(13.6945, 22.5639]",0.001126345,0.0008950631,0.001037054,0.001069462,0.0009654302,0.0009924301,0.001038941,0.001168349,0.001076137,0.001050751,0.001370963,0.001114916,0.001060758,0.0009541721,0.001069369,0.00035826,0.0,0.0,0.0,0.0,0.0,0.0,0.0,0.0,0.0,0.0,0.0,0.0,0.0,0.0,0.0,0.0,0.0,1.417869e-07,2.178948e-06,2.000765e-05,8.995467e-05,0.0001473123,0.0001069786,4.740089e-06,0.0001248826,0.0001258644,0.0001090845,0.0001270499,0.0001401148,0.0001218214,0.0001299045,0.000121657,4.3539e-05,0.0,0.0,0.0,0.0,0.0,0.0,0.0,0.0,0.0,0.0,0.0,0.0,0.0,0.0,0.0,0.0,0.0,-1.122456e-05,-2.257684e-05,4.638917e-05,0.0006766171,0.0003249343,0.0006380921,5.202076e-05,0.0006312527,0.0005202984,0.0004653367,0.0004839436,0.0004393177,0.0003516783,0.0002470547,0.0004067254,0.0001774809,0.0,0.0,0.0,0.0,0.0,0.0,0.0,0.0,0.0,0.0,0.0,0.0,0.0,0.0,0.0,0.0,0.0
9437,2,"(22.5639, 40.0322]",0.002039451,0.001655488,0.001939397,0.00188972,0.001708602,0.001038941,0.002001013,-0.0004687,-0.000945282,0.0005363356,-0.0007638051,0.0007066813,0.0003310323,0.0009987873,0.0006213832,0.0001528976,0.0,0.0,0.0,0.0,0.0,0.0,0.0,0.0,0.0,0.0,0.0,0.0,0.0,0.0,0.0,0.0,0.0,7.85415e-06,-1.701181e-05,9.047186e-06,-0.0001001609,-0.0002356391,-0.0001458313,1.312362e-05,-0.0001988607,-0.0001893034,-0.0001069623,-0.0001906051,-0.0001872703,-0.0002491324,-0.0002079404,-0.0002260509,-0.0001035496,0.0,0.0,0.0,0.0,0.0,0.0,0.0,0.0,0.0,0.0,0.0,0.0,0.0,0.0,0.0,0.0,0.0,4.374861e-05,6.596824e-05,-0.0001015295,-0.00162852,-0.0007765967,-0.001533392,-0.000127334,-0.001660754,-0.001454103,-0.001234489,-0.001381423,-0.001170763,-0.001072516,-0.0006575489,-0.001268286,-0.0005637724,0.0,0.0,0.0,0.0,0.0,0.0,0.0,0.0,0.0,0.0,0.0,0.0,0.0,0.0,0.0,0.0,0.0
9437,2,"(40.0322, 67.8149]",-0.0001517886,-0.0001989795,-0.0002758547,-8.572462e-05,-0.0001567605,0.001168349,-0.0004687,0.005069782,0.005547699,0.00239676,0.006202348,0.002305392,0.00279418,0.001175353,0.002331802,0.0008791509,0.0,0.0,0.0,0.0,0.0,0.0,0.0,0.0,0.0,0.0,0.0,0.0,0.0,0.0,0.0,0.0,0.0,-3.260537e-05,7.247558e-05,-0.0001349074,-3.87058e-05,0.000421097,8.101282e-05,-8.476747e-05,0.000247907,0.000199332,-0.0001017369,0.000163746,0.0001523501,0.000418931,0.0002380827,0.0003122115,0.0001789002,0.0,0.0,0.0,0.0,0.0,0.0,0.0,0.0,0.0,0.0,0.0,0.0,0.0,0.0,0.0,0.0,0.0,-0.0002262031,-0.0002898254,0.0002899661,0.005568159,0.002642001,0.005242746,0.0004381525,0.005742384,0.005049513,0.004222005,0.00472168,0.003937587,0.003368234,0.002038929,0.003867628,0.001701096,0.0,0.0,0.0,0.0,0.0,0.0,0.0,0.0,0.0,0.0,0.0,0.0,0.0,0.0,0.0,0.0,0.0
9437,2,"(67.8149, 92.0143]",-0.0006399271,-0.0006051476,-0.0007500474,-0.0005281518,-0.0005290284,0.001076137,-0.000945282,0.005547699,0.006361328,0.002541098,0.006997269,0.002397099,0.003056865,0.001080221,0.002463252,0.0009448313,0.0,0.0,0.0,0.0,0.0,0.0,0.0,0.0,0.0,0.0,0.0,0.0,0.0,0.0,0.0,0.0,0.0,-4.65885e-05,5.513533e-05,-7.669584e-05,0.0002513757,0.0007704176,0.0004161967,-6.441979e-05,0.0005791854,0.0005481988,0.0001072557,0.0005431449,0.0004583855,0.0007678566,0.0005472122,0.0006226548,0.0003032718,0.0,0.0,0.0,0.0,0.0,0.0,0.0,0.0,0.0,0.0,0.0,0.0,0.0,0.0,0.0,0.0,0.0,-0.0002281794,-0.0003098771,0.0003442222,0.00625668,0.002979635,0.005891696,0.0004903511,0.006445363,0.00570507,0.004794935,0.005362811,0.004479142,0.003930587,0.002415949,0.004547912,0.002003019,0.0,0.0,0.0,0.0,0.0,0.0,0.0,0.0,0.0,0.0,0.0,0.0,0.0,0.0,0.0,0.0,0.0
9437,2,"(92.0143, 148.83]",0.0006888969,0.000519817,0.0005892924,0.0006748504,0.0005927381,0.001050751,0.0005363356,0.00239676,0.002541098,0.001497891,0.002972657,0.001510688,0.001656844,0.001021489,0.001493363,0.0005334584,0.0,0.0,0.0,0.0,0.0,0.0,0.0,0.0,0.0,0.0,0.0,0.0,0.0,0.0,0.0,0.0,0.0,-1.25036e-05,1.640856e-05,-9.004149e-06,0.0001206806,0.0003065248,0.0001728078,-1.40885e-05,0.0002336797,0.0002274842,0.0001120645,0.0002255387,0.0002230543,0.0002800501,0.0002321265,0.0002467371,0.0001129631,0.0,0.0,0.0,0.0,0.0,0.0,0.0,0.0,0.0,0.0,0.0,0.0,0.0,0.0,0.0,0.0,0.0,-7.662912e-05,-0.0001074819,0.0001257257,0.002238287,0.001067378,0.002109379,0.0001747906,0.002244644,0.001954009,0.001677239,0.001839094,0.001573772,0.001354314,0.0008451494,0.001565511,0.0006891758,0.0,0.0,0.0,0.0,0.0,0.0,0.0,0.0,0.0,0.0,0.0,0.0,0.0,0.0,0.0,0.0,0.0
9437,2,"(148.83, 303.339]",-0.000376657,-0.000410359,-0.000530816,-0.000285915,-0.00034754,0.001370963,-0.0007638051,0.006202348,0.006997269,0.002972657,0.0080668,0.002907027,0.003645677,0.001351382,0.002951203,0.001119044,0.0,0.0,0.0,0.0,0.0,0.0,0.0,0.0,0.0,0.0,0.0,0.0,0.0,0.0,0.0,0.0,0.0,-5.67073e-05,7.32687e-05,-0.00016208,2.11587e-05,0.000613119,0.0001530765,-9.326102e-05,0.0003108461,0.0002993456,-0.0001577684,0.000289546,0.0002205488,0.0005624267,0.0002787455,0.00039302,0.0002637659,0.0,0.0,0.0,0.0,0.0,0.0,0.0,0.0,0.0,0.0,0.0,0.0,0.0,0.0,0.0,0.0,0.0,-0.000296302,-0.000378875,0.000361438,0.00708124,0.003365,0.006674676,0.0005560817,0.007199025,0.006362913,0.00543466,0.00604722,0.005152362,0.004486446,0.002635299,0.005154773,0.002275178,0.0,0.0,0.0,0.0,0.0,0.0,0.0,0.0,0.0,0.0,0.0,0.0,0.0,0.0,0.0,0.0,0.0
9437,2,"(303.339, 455.653]",0.0008706155,0.0006669665,0.0007605952,0.000838806,0.0007327723,0.001114916,0.0007066813,0.002305392,0.002397099,0.001510688,0.002907027,0.001571491,0.001705993,0.001079047,0.001555465,0.0005484147,0.0,0.0,0.0,0.0,0.0,0.0,0.0,0.0,0.0,0.0,0.0,0.0,0.0,0.0,0.0,0.0,0.0,-1.626377e-05,1.746147e-05,-3.572177e-05,4.262755e-05,0.0002170301,8.125704e-05,-2.184141e-05,0.0001293214,0.0001281059,1.088879e-05,0.0001271893,0.0001213613,0.0001819017,0.0001184496,0.0001462785,8.522853e-05,0.0,0.0,0.0,0.0,0.0,0.0,0.0,0.0,0.0,0.0,0.0,0.0,0.0,0.0,0.0,0.0,0.0,-7.829278e-05,-0.0001037985,0.0001123329,0.002079031,0.0009894818,0.001960184,0.0001627657,0.00208165,0.00181763,0.001567277,0.00172855,0.001506281,0.001314452,0.0007705679,0.001501815,0.0006616178,0.0,0.0,0.0,0.0,0.0,0.0,0.0,0.0,0.0,0.0,0.0,0.0,0.0,0.0,0.0,0.0,0.0
9437,2,"(455.653, 750.762]",0.0005040825,0.0003707157,0.0004052735,0.0005099637,0.0004381599,0.001060758,0.0003310323,0.00279418,0.003056865,0.001656844,0.003645677,0.001705993,0.002164932,0.001024283,0.001864713,0.0006738053,0.0,0.0,0.0,0.0,0.0,0.0,0.0,0.0,0.0,0.0,0.0,0.0,0.0,0.0,0.0,0.0,0.0,-1.919969e-05,3.175883e-05,-3.850846e-05,0.00013472,0.0003762591,0.0001954744,-2.639614e-05,0.000267943,0.0002714845,0.000123773,0.0002798238,0.0002706046,0.0004033037,0.0003057858,0.0003566284,0.0001912149,0.0,0.0,0.0,0.0,0.0,0.0,0.0,0.0,0.0,0.0,0.0,0.0,0.0,0.0,0.0,0.0,0.0,-6.510365e-05,-0.0001006907,0.0001853822,0.002824588,0.001347375,0.002663813,0.0002205893,0.002815326,0.002455021,0.002139151,0.002360642,0.002117136,0.002114644,0.001177381,0.002416436,0.001072583,0.0,0.0,0.0,0.0,0.0,0.0,0.0,0.0,0.0,0.0,0.0,0.0,0.0,0.0,0.0,0.0,0.0
9437,2,"(750.762, 1237.0]",0.001088245,0.0008668178,0.001003123,0.001033345,0.0009294136,0.0009541721,0.0009987873,0.001175353,0.001080221,0.001021489,0.001351382,0.001079047,0.001024283,0.0009435238,0.0010367,0.0003507902,0.0,0.0,0.0,0.0,0.0,0.0,0.0,0.0,0.0,0.0,0.0,0.0,0.0,0.0,0.0,0.0,0.0,4.433144e-06,9.485735e-06,1.592594e-05,7.05834e-05,0.0001251402,9.18898e-05,9.587831e-07,0.0001196357,0.0001124077,0.0001001601,0.0001116328,0.0001233672,0.0001384493,0.0001377078,0.0001279005,4.291577e-05,0.0,0.0,0.0,0.0,0.0,0.0,0.0,0.0,0.0,0.0,0.0,0.0,0.0,0.0,0.0,0.0,0.0,-1.228169e-05,-2.255212e-05,4.442914e-05,0.0006566641,0.000314268,0.0006180412,5.09684e-05,0.0006520692,0.000558215,0.0004742947,0.0005232973,0.0004336779,0.0003492753,0.0002649759,0.0003821754,0.0001723118,0.0,0.0,0.0,0.0,0.0,0.0,0.0,0.0,0.0,0.0,0.0,0.0,0.0,0.0,0.0,0.0,0.0
9437,2,"(1237.0, 2038.15]",0.0007813151,0.0006024369,0.0006801706,0.0007584982,0.0006621562,0.001069369,0.0006213832,0.002331802,0.002463252,0.001493363,0.002951203,0.001555465,0.001864713,0.0010367,0.001815065,0.0006478296,4.98168e-07,4.910056e-07,4.920563e-07,4.974435e-07,5.095084e-07,5.261249e-07,5.394513e-07,5.30706e-07,4.995676e-07,4.491343e-07,3.851522e-07,4.530075e-07,6.568145e-07,5.829862e-07,4.031778e-07,4.309723e-07,4.040555e-07,-1.914337e-05,2.869011e-05,-4.769164e-05,8.220526e-05,0.0002602651,0.0001389987,-3.031358e-05,0.0001906627,0.0001894725,5.013436e-05,0.0001970295,0.0001651692,0.0003023341,0.0002035128,0.000269636,0.0001630666,-2.282054e-07,-1.245496e-07,4.132992e-08,1.394916e-07,1.620998e-07,8.55857e-08,-5.079704e-08,-1.696042e-07,-2.077887e-07,-2.406085e-07,-1.437572e-07,1.995913e-08,-4.99101e-08,-9.979815e-08,-1.469171e-07,-1.297149e-07,-1.178665e-07,-4.943447e-05,-7.54114e-05,0.0001367391,0.002091538,0.000996337,0.0019703,0.0001636404,0.002126791,0.001879981,0.001604449,0.001809823,0.001581676,0.001611922,0.0009129885,0.002068748,0.0009341202,6.477066e-07,7.189731e-07,8.993283e-07,1.089643e-06,1.198622e-06,1.236435e-06,1.120924e-06,1.027524e-06,9.633853e-07,1.070354e-06,1.359089e-06,1.950358e-06,2.581248e-06,3.28647e-06,2.703794e-06,6.68942e-07,5.801357e-07
9437,2,"(2038.15, 3420.87]",0.0002092851,0.0001585438,0.0001760044,0.0002073411,0.0001793151,0.00035826,0.0001528976,0.0008791509,0.0009448313,0.0005334584,0.001119044,0.0005484147,0.0006738053,0.0003507902,0.0006478296,0.0003437075,0.0001497516,0.0001475995,0.0001479193,0.0001495408,0.0001531655,0.0001581598,0.0001621648,0.0001595348,0.0001501723,0.0001350128,0.0001157825,0.0001361904,0.000197465,0.0001752758,0.0001212213,0.0001295763,0.0001214712,-6.310538e-06,1.312425e-05,-1.614873e-05,3.801034e-05,0.0001100708,6.045655e-05,-1.102813e-05,8.134981e-05,8.197375e-05,3.066068e-05,8.420147e-05,7.553491e-05,0.000121646,8.896035e-05,0.0001130701,1.150827e-05,-6.847762e-05,-3.732717e-05,1.251947e-05,4.201673e-05,4.88103e-05,2.580776e-05,-1.519047e-05,-5.092369e-05,-6.242289e-05,-7.230934e-05,-4.320638e-05,6.004491e-06,-1.499276e-05,-2.997903e-05,-4.417876e-05,-3.898006e-05,-3.541946e-05,-2.020456e-05,-3.10861e-05,5.4524e-05,0.0008442744,0.0004023564,0.0007954497,6.59499e-05,0.000851054,0.0007462183,0.0006403964,0.0007166469,0.0006294821,0.0006306589,0.0003673339,0.0008144906,0.0005041226,0.0001945381,0.0002159589,0.0002701698,0.000327362,0.000360099,0.0003714598,0.0003367233,0.0003087717,0.0002895526,0.0003218357,0.000408838,0.0005867491,0.0007765623,0.0009886345,0.0008139998,0.0002012734,0.0001743837
9437,2,"(3420.87, 5533.14]",0.0,0.0,0.0,0.0,0.0,0.0,0.0,0.0,0.0,0.0,0.0,0.0,0.0,0.0,4.98168e-07,0.0001497516,0.0002230184,0.0002198309,0.0002203828,0.0002228356,0.0002281959,0.0002356193,0.0002415648,0.0002376282,0.0002236427,0.0002010852,0.0001725041,0.0002030921,0.000294522,0.0002615494,0.0001809876,0.0001934279,0.0001810949,0.0,0.0,0.0,0.0,0.0,0.0,0.0,0.0,0.0,0.0,0.0,0.0,0.0,0.0,-1.701495e-07,-8.192657e-05,-9.966586e-05,-5.344496e-05,2.045662e-05,6.418468e-05,7.425323e-05,3.995778e-05,-2.111684e-05,-7.469744e-05,-9.221682e-05,-0.0001073323,-6.419897e-05,9.03101e-06,-2.212982e-05,-4.425243e-05,-6.607419e-05,-5.780779e-05,-5.252565e-05,0.0,0.0,0.0,0.0,0.0,0.0,0.0,0.0,0.0,0.0,0.0,0.0,0.0,0.0,2.818119e-07,0.0001782322,0.0002865763,0.0003184337,0.0003990786,0.0004839242,0.0005322504,0.0005490565,0.0004970681,0.0004578135,0.0004303539,0.000480854,0.0006143542,0.0008825906,0.001168395,0.001485731,0.001235524,0.0003032829,0.0002595531
9437,2,"(5533.14, 9116.74]",0.0,0.0,0.0,0.0,0.0,0.0,0.0,0.0,0.0,0.0,0.0,0.0,0.0,0.0,4.910056e-07,0.0001475995,0.0002198309,0.00021682,0.0002174508,0.0002198946,0.000225206,0.000232485,0.0002383266,0.0002343736,0.0002205568,0.0001982926,0.000170211,0.000200593,0.0002910752,0.000258595,0.0001790944,0.000191404,0.0001788471,0.0,0.0,0.0,0.0,0.0,0.0,0.0,0.0,0.0,0.0,0.0,0.0,0.0,0.0,-1.631624e-07,-7.854715e-05,-9.505821e-05,-4.97318e-05,2.266711e-05,6.551795e-05,7.53443e-05,4.148981e-05,-1.874867e-05,-7.210721e-05,-8.995553e-05,-0.0001053824,-6.316114e-05,8.979728e-06,-2.158484e-05,-4.311636e-05,-6.55834e-05,-5.67308e-05,-5.155633e-05,0.0,0.0,0.0,0.0,0.0,0.0,0.0,0.0,0.0,0.0,0.0,0.0,0.0,0.0,2.730846e-07,0.0001727252,0.0002781694,0.000309476,0.0003888497,0.00047202,0.000519113,0.0005354246,0.000483956,0.0004486253,0.0004232413,0.0004766265,0.0006140207,0.0008833925,0.001169118,0.001484449,0.0012518,0.00030412,0.0002557423
9437,2,"(9116.74, 15021.3]",0.0,0.0,0.0,0.0,0.0,0.0,0.0,0.0,0.0,0.0,0.0,0.0,0.0,0.0,4.920563e-07,0.0001479193,0.0002203828,0.0002174508,0.0002183454,0.0002208431,0.0002261777,0.0002334417,0.0002392365,0.0002351501,0.0002212218,0.0001989101,0.0001709131,0.0002017647,0.0002930992,0.0002605802,0.00018075,0.0001931534,0.0001798538,0.0,0.0,0.0,0.0,0.0,0.0,0.0,0.0,0.0,0.0,0.0,0.0,0.0,0.0,-1.553817e-07,-7.477439e-05,-8.960544e-05,-4.455745e-05,2.720714e-05,6.969663e-05,7.942154e-05,4.537168e-05,-1.509278e-05,-6.956573e-05,-8.846981e-05,-0.0001049277,-6.311971e-05,9.120263e-06,-2.123512e-05,-4.231813e-05,-6.657821e-05,-5.641781e-05,-5.130751e-05,0.0,0.0,0.0,0.0,0.0,0.0,0.0,0.0,0.0,0.0,0.0,0.0,0.0,0.0,2.652098e-07,0.0001677664,0.0002709709,0.0003022196,0.0003815613,0.0004641586,0.0005102652,0.0005262671,0.0004741578,0.0004449523,0.0004224485,0.0004825269,0.000630636,0.0009096105,0.001203343,0.001524215,0.001316048,0.0003142434,0.0002561004
9437,2,"(15021.3, 25211.9]",0.0,0.0,0.0,0.0,0.0,0.0,0.0,0.0,0.0,0.0,0.0,0.0,0.0,0.0,4.974435e-07,0.0001495408,0.0002228356,0.0002198946,0.0002208431,0.0002234139,0.0002288125,0.0002361349,0.0002419737,0.0002378395,0.00022373,0.0002011456,0.0001728869,0.0002041959,0.0002967221,0.0002638552,0.0001830779,0.000195641,0.0001820205,0.0,0.0,0.0,0.0,0.0,0.0,0.0,0.0,0.0,0.0,0.0,0.0,0.0,0.0,-1.548232e-07,-7.449755e-05,-8.900913e-05,-4.358394e-05,2.873759e-05,7.158923e-05,8.137403e-05,4.691723e-05,-1.423354e-05,-6.958536e-05,-8.896001e-05,-0.0001058547,-6.373901e-05,9.273498e-06,-2.134583e-05,-4.252943e-05,-6.752735e-05,-5.690983e-05,-5.175102e-05,0.0,0.0,0.0,0.0,0.0,0.0,0.0,0.0,0.0,0.0,0.0,0.0,0.0,0.0,2.659134e-07,0.0001682153,0.0002718331,0.0003034087,0.0003835683,0.0004668663,0.0005132178,0.0005293006,0.0004765473,0.0004485693,0.0004265914,0.0004890767,0.0006415669,0.0009260434,0.001224841,0.001550632,0.001346902,0.000320207,0.0002588737
9437,2,"(25211.9, 40779.5]",0.0,0.0,0.0,0.0,0.0,0.0,0.0,0.0,0.0,0.0,0.0,0.0,0.0,0.0,5.095084e-07,0.0001531655,0.0002281959,0.000225206,0.0002261777,0.0002288125,0.000234384,0.0002418394,0.0002478419,0.0002435844,0.0002291341,0.0002060048,0.0001770622,0.0002091487,0.0003039182,0.000270281,0.0001875372,0.000200406,0.0001864166,0.0,0.0,0.0,0.0,0.0,0.0,0.0,0.0,0.0,0.0,0.0,0.0,0.0,0.0,-1.582939e-07,-7.616625e-05,-9.095903e-05,-4.44443e-05,2.959528e-05,7.345577e-05,8.34645e-05,4.817155e-05,-1.445585e-05,-7.116626e-05,-9.103802e-05,-0.0001083727,-6.526024e-05,9.507712e-06,-2.18493e-05,-4.352279e-05,-6.918297e-05,-5.8264e-05,-5.298178e-05,0.0,0.0,0.0,0.0,0.0,0.0,0.0,0.0,0.0,0.0,0.0,0.0,0.0,0.0,2.720185e-07,0.0001720785,0.0002781175,0.000310479,0.0003925335,0.0004778476,0.000525287,0.0005416823,0.0004876709,0.0004592076,0.0004368096,0.0005009942,0.0006574716,0.0009490161,0.001255386,0.00158905,0.001381145,0.000328204,0.0002651265
9437,2,"(40779.5, 67190.7]",0.0,0.0,0.0,0.0,0.0,0.0,0.0,0.0,0.0,0.0,0.0,0.0,0.0,0.0,5.261249e-07,0.0001581598,0.0002356193,0.000232485,0.0002334417,0.0002361349,0.0002418394,0.0002496305,0.0002558018,0.0002514578,0.00023654,0.0002126622,0.0001827483,0.0002157574,0.0003134276,0.0002786531,0.0001932672,0.0002065499,0.0001923266,0.0,0.0,0.0,0.0,0.0,0.0,0.0,0.0,0.0,0.0,0.0,0.0,0.0,0.0,-1.65877e-07,-7.98234e-05,-9.560175e-05,-4.746382e-05,2.925292e-05,7.468168e-05,8.505055e-05,4.86287e-05,-1.601489e-05,-7.425254e-05,-9.443519e-05,-0.000111997,-6.73403e-05,9.845849e-06,-2.263472e-05,-4.517901e-05,-7.109414e-05,-6.019397e-05,-5.472977e-05,0.0,0.0,0.0,0.0,0.0,0.0,0.0,0.0,0.0,0.0,0.0,0.0,0.0,0.0,2.834699e-07,0.0001793177,0.0002896401,0.0003230907,0.0004079693,0.0004962844,0.0005455823,0.0005626912,0.0005070397,0.000475653,0.0004515113,0.0005154947,0.0006735947,0.0009716781,0.001285462,0.001628512,0.001405025,0.0003357212,0.0002738058
9437,2,"(67190.7, 110707.0]",0.0,0.0,0.0,0.0,0.0,0.0,0.0,0.0,0.0,0.0,0.0,0.0,0.0,0.0,5.394513e-07,0.0001621648,0.0002415648,0.0002383266,0.0002392365,0.0002419737,0.0002478419,0.0002558018,0.000262229,0.0002577513,0.0002424838,0.0002180058,0.0001872844,0.0002210022,0.0003209816,0.0002853116,0.0001978227,0.0002113981,0.0001970217,0.0,0.0,0.0,0.0,0.0,0.0,0.0,0.0,0.0,0.0,0.0,0.0,0.0,0.0,-1.722866e-07,-8.291554e-05,-9.955811e-05,-5.007293e-05,2.878443e-05,7.549691e-05,8.615024e-05,4.885271e-05,-1.741993e-05,-7.683005e-05,-9.722336e-05,-0.0001149477,-6.903659e-05,1.010086e-05,-2.328713e-05,-4.65476e-05,-7.261275e-05,-6.177029e-05,-5.614721e-05,0.0,0.0,0.0,0.0,0.0,0.0,0.0,0.0,0.0,0.0,0.0,0.0,0.0,0.0,2.930722e-07,0.0001853833,0.0002991308,0.0003334403,0.0004205616,0.0005113281,0.0005622757,0.0005799185,0.0005230631,0.0004889354,0.000463318,0.0005269956,0.0006858854,0.0009888026,0.001308385,0.001658695,0.001422296,0.0003414203,0.0002807988
9437,2,"(110707.0, 182408.0]",0.0,0.0,0.0,0.0,0.0,0.0,0.0,0.0,0.0,0.0,0.0,0.0,0.0,0.0,5.30706e-07,0.0001595348,0.0002376282,0.0002343736,0.0002351501,0.0002378395,0.0002435844,0.0002514578,0.0002577513,0.0002534997,0.0002384848,0.0002143884,0.0001840836,0.0002170306,0.0003150246,0.0002799018,0.0001939113,0.0002072189,0.0001935027,0.0,0.0,0.0,0.0,0.0,0.0,0.0,0.0,0.0,0.0,0.0,0.0,0.0,0.0,-1.738048e-07,-8.366068e-05,-0.0001009276,-5.202834e-05,2.601538e-05,7.219498e-05,8.275028e-05,4.612307e-05,-1.902122e-05,-7.687672e-05,-9.630866e-05,-0.0001131337,-6.774484e-05,1.005913e-05,-2.299894e-05,-4.618021e-05,-7.074425e-05,-6.07058e-05,-5.515283e-05,0.0,0.0,0.0,0.0,0.0,0.0,0.0,0.0,0.0,0.0,0.0,0.0,0.0,0.0,2.931267e-07,0.0001854066,0.0002987674,0.0003326537,0.0004185109,0.000508343,0.0005591075,0.0005767378,0.0005211215,0.0004836274,0.0004564815,0.0005148286,0.0006643611,0.0009567933,0.00126641,0.001607865,0.001358853,0.0003297655,0.0002763345
9437,2,"(182408.0, 303339.0]",0.0,0.0,0.0,0.0,0.0,0.0,0.0,0.0,0.0,0.0,0.0,0.0,0.0,0.0,4.995676e-07,0.0001501723,0.0002236427,0.0002205568,0.0002212218,0.00022373,0.0002291341,0.00023654,0.0002424838,0.0002384848,0.0002244475,0.000201751,0.00017318,0.000204093,0.0002961535,0.0002630553,0.0001821642,0.0001946847,0.0001819673,0.0,0.0,0.0,0.0,0.0,0.0,0.0,0.0,0.0,0.0,0.0,0.0,0.0,0.0,-1.658023e-07,-7.981565e-05,-9.651661e-05,-5.039171e-05,2.329081e-05,6.687096e-05,7.684116e-05,4.2389e-05,-1.890861e-05,-7.308699e-05,-9.112064e-05,-0.0001067042,-6.385667e-05,9.386924e-06,-2.180118e-05,-4.374543e-05,-6.639777e-05,-5.727445e-05,-5.203107e-05,0.0,0.0,0.0,0.0,0.0,0.0,0.0,0.0,0.0,0.0,0.0,0.0,0.0,0.0,2.781759e-07,0.0001759433,0.0002832762,0.0003151889,0.0003960509,0.0004808096,0.0005289055,0.0005455916,0.0004933084,0.0004564449,0.0004300907,0.000483295,0.0006214002,0.0008942407,0.001183692,0.001503696,0.001262695,0.0003078676,0.000260124
9437,2,"(303339.0, 499799.0]",0.0,0.0,0.0,0.0,0.0,0.0,0.0,0.0,0.0,0.0,0.0,0.0,0.0,0.0,4.491343e-07,0.0001350128,0.0002010852,0.0001982926,0.0001989101,0.0002011456,0.0002060048,0.0002126622,0.0002180058,0.0002143884,0.000201751,0.0001814194,0.0001557137,0.000183493,0.000266264,0.0002365538,0.0001638143,0.0001750736,0.0001635999,0.0,0.0,0.0,0.0,0.0,0.0,0.0,0.0,0.0,0.0,0.0,0.0,0.0,0.0,-1.491906e-07,-7.182028e-05,-8.689278e-05,-4.543694e-05,2.079236e-05,5.997209e-05,6.894689e-05,3.797853e-05,-1.713492e-05,-6.595047e-05,-8.22636e-05,-9.638286e-05,-5.783663e-05,8.098401e-06,-1.98759e-05,-3.957374e-05,-6.008829e-05,-5.190774e-05,-4.71813e-05,0.0,0.0,0.0,0.0,0.0,0.0,0.0,0.0,0.0,0.0,0.0,0.0,0.0,0.0,2.497358e-07,0.0001579582,0.0002544258,0.0002831015,0.0003557177,0.000431807,0.0004749428,0.0004898663,0.000442775,0.0004103353,0.0003870184,0.0004356833,0.0005610775,0.0008073227,0.001068448,0.00135686,0.001143147,0.0002778813,0.0002338848
9437,2,"(499799.0, 823498.0]",0.0,0.0,0.0,0.0,0.0,0.0,0.0,0.0,0.0,0.0,0.0,0.0,0.0,0.0,3.851522e-07,0.0001157825,0.0001725041,0.000170211,0.0001709131,0.0001728869,0.0001770622,0.0001827483,0.0001872844,0.0001840836,0.00017318,0.0001557137,0.0001338387,0.0001579868,0.0002295084,0.0002040676,0.0001415538,0.0001512675,0.0001408156,0.0,0.0,0.0,0.0,0.0,0.0,0.0,0.0,0.0,0.0,0.0,0.0,0.0,0.0,-1.212859e-07,-5.83652e-05,-6.990076e-05,-3.464967e-05,2.14598e-05,5.470629e-05,6.229673e-05,3.563979e-05,-1.171198e-05,-5.444727e-05,-6.933222e-05,-8.232319e-05,-4.969398e-05,6.817765e-06,-1.691809e-05,-3.337425e-05,-5.248458e-05,-4.438943e-05,-4.037485e-05,0.0,0.0,0.0,0.0,0.0,0.0,0.0,0.0,0.0,0.0,0.0,0.0,0.0,0.0,2.071214e-07,0.0001310209,0.000211622,0.000236087,0.0002981671,0.0003627419,0.0003987674,0.0004112699,0.0003704959,0.0003480291,0.0003306165,0.0003781705,0.0004948007,0.000713946,0.000944467,0.001196008,0.001034619,0.0002466139,0.0002003977
9437,2,"(823498.0, 1356840.0]",0.0,0.0,0.0,0.0,0.0,0.0,0.0,0.0,0.0,0.0,0.0,0.0,0.0,0.0,4.530075e-07,0.0001361904,0.0002030921,0.000200593,0.0002017647,0.0002041959,0.0002091487,0.0002157574,0.0002210022,0.0002170306,0.000204093,0.000183493,0.0001579868,0.0001871968,0.0002724306,0.0002425733,0.0001687425,0.0001803029,0.0001667479,0.0,0.0,0.0,0.0,0.0,0.0,0.0,0.0,0.0,0.0,0.0,0.0,0.0,0.0,-1.286692e-07,-6.186954e-05,-7.25038e-05,-3.172922e-05,3.291278e-05,7.126326e-05,7.997263e-05,4.839079e-05,-7.478593e-06,-5.949592e-05,-7.882605e-05,-9.585851e-05,-5.829295e-05,8.144565e-06,-1.926542e-05,-3.775652e-05,-6.334202e-05,-5.16403e-05,-4.704598e-05,0.0,0.0,0.0,0.0,0.0,0.0,0.0,0.0,0.0,0.0,0.0,0.0,0.0,0.0,2.289541e-07,0.0001448717,0.0002354231,0.0002639523,0.000336555,0.0004111547,0.0004516589,0.0004656398,0.000416814,0.0004013737,0.0003862295,0.0004539716,0.0006098949,0.0008835098,0.001167978,0.001472824,0.001327825,0.0003070622,0.0002354783
9437,2,"(1356840.0, 2235620.0]",0.0,0.0,0.0,0.0,0.0,0.0,0.0,0.0,0.0,0.0,0.0,0.0,0.0,0.0,6.568145e-07,0.000197465,0.000294522,0.0002910752,0.0002930992,0.0002967221,0.0003039182,0.0003134276,0.0003209816,0.0003150246,0.0002961535,0.000266264,0.0002295084,0.0002724306,0.0003971007,0.0003538282,0.0002465539,0.0002634194,0.0002426684,0.0,0.0,0.0,0.0,0.0,0.0,0.0,0.0,0.0,0.0,0.0,0.0,0.0,0.0,-1.747966e-07,-8.400367e-05,-9.69392e-05,-3.84355e-05,5.409801e-05,0.00010905,0.0001214957,7.556156e-05,-5.553932e-06,-8.253844e-05,-0.000112176,-0.0001384264,-8.453897e-05,1.189706e-05,-2.734339e-05,-5.339363e-05,-9.327041e-05,-7.461871e-05,-6.803163e-05,0.0,0.0,0.0,0.0,0.0,0.0,0.0,0.0,0.0,0.0,0.0,0.0,0.0,0.0,3.191873e-07,0.0002020014,0.000329489,0.0003706464,0.0004755305,0.0005824745,0.0006393717,0.0006590125,0.0005873252,0.0005750901,0.000557976,0.0006670952,0.0009103337,0.001321742,0.001746222,0.002196101,0.002027575,0.0004608582,0.0003412401
9437,2,"(2235620.0, 3683540.0]",0.0,0.0,0.0,0.0,0.0,0.0,0.0,0.0,0.0,0.0,0.0,0.0,0.0,0.0,5.829862e-07,0.0001752758,0.0002615494,0.000258595,0.0002605802,0.0002638552,0.000270281,0.0002786531,0.0002853116,0.0002799018,0.0002630553,0.0002365538,0.0002040676,0.0002425733,0.0003538282,0.0003155849,0.0002201703,0.0002352301,0.0002160283,0.0,0.0,0.0,0.0,0.0,0.0,0.0,0.0,0.0,0.0,0.0,0.0,0.0,0.0,-1.472558e-07,-7.073638e-05,-8.058634e-05,-2.907526e-05,5.225846e-05,0.0001006219,0.000111547,7.06446e-05,-1.448392e-06,-7.088961e-05,-9.829962e-05,-0.0001227179,-7.527714e-05,1.041363e-05,-2.406234e-05,-4.666305e-05,-8.400379e-05,-6.628047e-05,-6.048254e-05,0.0,0.0,0.0,0.0,0.0,0.0,0.0,0.0,0.0,0.0,0.0,0.0,0.0,0.0,2.746444e-07,0.0001738371,0.0002844509,0.000320831,0.0004135716,0.0005076708,0.000556921,0.0005739804,0.0005096812,0.0005059061,0.0004941017,0.0005985676,0.0008263485,0.001201657,0.001587117,0.001992265,0.00187131,0.0004200166,0.0003027824
9437,2,"(3683540.0, 6069220.0]",0.0,0.0,0.0,0.0,0.0,0.0,0.0,0.0,0.0,0.0,0.0,0.0,0.0,0.0,4.031778e-07,0.0001212213,0.0001809876,0.0001790944,0.00018075,0.0001830779,0.0001875372,0.0001932672,0.0001978227,0.0001939113,0.0001821642,0.0001638143,0.0001415538,0.0001687425,0.0002465539,0.0002201703,0.0001540314,0.0001645189,0.0001502141,0.0,0.0,0.0,0.0,0.0,0.0,0.0,0.0,0.0,0.0,0.0,0.0,0.0,0.0,-9.136559e-08,-4.38446e-05,-4.850161e-05,-1.339359e-05,4.177503e-05,7.46335e-05,8.201536e-05,5.357551e-05,3.593636e-06,-4.589401e-05,-6.635773e-05,-8.471916e-05,-5.247736e-05,6.871687e-06,-1.64913e-05,-3.140682e-05,-5.984306e-05,-4.59853e-05,-4.203735e-05,0.0,0.0,0.0,0.0,0.0,0.0,0.0,0.0,0.0,0.0,0.0,0.0,0.0,0.0,1.782876e-07,0.0001128825,0.0001859525,0.0002109144,0.0002745873,0.0003385267,0.000370982,0.0003821683,0.0003368533,0.0003436453,0.0003400595,0.0004225552,0.0005960238,0.0008691036,0.001147166,0.001435044,0.001390138,0.0003050317,0.000209184
9437,2,"(6069220.0, 10000000.0]",0.0,0.0,0.0,0.0,0.0,0.0,0.0,0.0,0.0,0.0,0.0,0.0,0.0,0.0,4.309723e-07,0.0001295763,0.0001934279,0.000191404,0.0001931534,0.000195641,0.000200406,0.0002065499,0.0002113981,0.0002072189,0.0001946847,0.0001750736,0.0001512675,0.0001803029,0.0002634194,0.0002352301,0.0001645189,0.00017579,0.0001605056,0.0,0.0,0.0,0.0,0.0,0.0,0.0,0.0,0.0,0.0,0.0,0.0,0.0,0.0,-9.815549e-08,-4.710534e-05,-5.218729e-05,-1.46599e-05,4.435379e-05,7.949798e-05,8.74081e-05,5.701515e-05,3.608724e-06,-4.922988e-05,-7.10626e-05,-9.063599e-05,-5.612778e-05,7.320078e-06,-1.765569e-05,-3.363148e-05,-6.392228e-05,-4.91959e-05,-4.498102e-05,0.0,0.0,0.0,0.0,0.0,0.0,0.0,0.0,0.0,0.0,0.0,0.0,0.0,0.0,1.910778e-07,0.0001209791,0.0001992374,0.000225908,0.0002939864,0.0003623552,0.00039705,0.000409026,0.0003606354,0.0003675885,0.0003636304,0.0004514587,0.0006363477,0.0009278909,0.001224612,0.00153215,0.001482741,0.000325576,0.0002235858
9437,2,"(10000000.0, 20000000.0]",0.0,0.0,0.0,0.0,0.0,0.0,0.0,0.0,0.0,0.0,0.0,0.0,0.0,0.0,4.040555e-07,0.0001214712,0.0001810949,0.0001788471,0.0001798538,0.0001820205,0.0001864166,0.0001923266,0.0001970217,0.0001935027,0.0001819673,0.0001635999,0.0001408156,0.0001667479,0.0002426684,0.0002160283,0.0001502141,0.0001605056,0.0001486229,0.0,0.0,0.0,0.0,0.0,0.0,0.0,0.0,0.0,0.0,0.0,0.0,0.0,0.0,-1.161561e-07,-5.585687e-05,-6.559368e-05,-2.916645e-05,2.86557e-05,6.294434e-05,7.072665e-05,4.260139e-05,-7.177027e-06,-5.330859e-05,-7.025808e-05,-8.516514e-05,-5.153942e-05,7.700475e-06,-1.684098e-05,-3.346002e-05,-5.58092e-05,-4.567921e-05,-4.158041e-05,0.0,0.0,0.0,0.0,0.0,0.0,0.0,0.0,0.0,0.0,0.0,0.0,0.0,0.0,2.059906e-07,0.0001303362,0.0002116134,0.0002371271,0.0003019805,0.0003687268,0.0004050765,0.0004176779,0.0003743039,0.0003589173,0.0003445436,0.0004030622,0.0005392926,0.0007809653,0.001032492,0.001302887,0.00116689,0.0002712895,0.0002100813
9437,18,"(1e-05, 0.1]",-2.6651e-05,3.6305e-05,9.95489e-06,4.63142e-06,6.35729e-06,1.417869e-07,7.85415e-06,-3.260537e-05,-4.65885e-05,-1.25036e-05,-5.67073e-05,-1.626377e-05,-1.919969e-05,4.433144e-06,-1.914337e-05,-6.310538e-06,0.0,0.0,0.0,0.0,0.0,0.0,0.0,0.0,0.0,0.0,0.0,0.0,0.0,0.0,0.0,0.0,0.0,7.43968e-05,0.00013216,6.62283e-05,1.34617e-05,1.30162e-05,6.892722e-06,1.005449e-05,2.533859e-05,1.620307e-05,5.988163e-05,1.10725e-05,3.693067e-05,8.795897e-06,3.881586e-05,2.936051e-05,4.132211e-06,0.0,0.0,0.0,0.0,0.0,0.0,0.0,0.0,0.0,0.0,0.0,0.0,0.0,0.0,0.0,0.0,0.0,0.000116628,0.000112169,7.90285e-05,-2.7613e-05,-1.16321e-05,-2.603008e-05,-2.400168e-06,-4.228993e-05,-4.169335e-05,-3.548751e-05,-3.94881e-05,-3.459774e-05,-3.522989e-05,-1.171523e-05,-4.530129e-05,-1.936993e-05,0.0,0.0,0.0,0.0,0.0,0.0,0.0,0.0,0.0,0.0,0.0,0.0,0.0,0.0,0.0,0.0,0.0
9437,18,"(0.1, 0.54]",-6.2106e-05,5.63042e-05,1.58869e-06,-5.15813e-06,-1.34937e-05,2.178948e-06,-1.701181e-05,7.247558e-05,5.513533e-05,1.640856e-05,7.32687e-05,1.746147e-05,3.175883e-05,9.485735e-06,2.869011e-05,1.312425e-05,0.0,0.0,0.0,0.0,0.0,0.0,0.0,0.0,0.0,0.0,0.0,0.0,0.0,0.0,0.0,0.0,0.0,0.00013216,0.00027492,7.81224e-05,-5.19019e-05,-4.31963e-05,-6.41577e-05,-2.189885e-06,-4.318167e-05,-5.225978e-05,-2.421001e-05,-6.644e-05,-4.247697e-05,-4.825043e-05,-3.234565e-05,-3.163714e-05,-1.047649e-05,0.0,0.0,0.0,0.0,0.0,0.0,0.0,0.0,0.0,0.0,0.0,0.0,0.0,0.0,0.0,0.0,0.0,0.000177198,0.000165299,0.000124592,0.000112232,5.19515e-05,0.0001056663,9.137977e-06,0.0001114255,0.0001000523,7.68926e-05,9.22512e-05,7.635465e-05,6.493293e-05,2.574763e-05,6.8794e-05,3.432159e-05,0.0,0.0,0.0,0.0,0.0,0.0,0.0,0.0,0.0,0.0,0.0,0.0,0.0,0.0,0.0,0.0,0.0
9437,18,"(0.54, 4.0]",-6.06413e-05,2.18922e-06,-1.98739e-05,-2.18835e-05,1.64894e-05,2.000765e-05,9.047186e-06,-0.0001349074,-7.669584e-05,-9.004149e-06,-0.00016208,-3.572177e-05,-3.850846e-05,1.592594e-05,-4.769164e-05,-1.614873e-05,0.0,0.0,0.0,0.0,0.0,0.0,0.0,0.0,0.0,0.0,0.0,0.0,0.0,0.0,0.0,0.0,0.0,6.62283e-05,7.81224e-05,0.000148073,0.00026796,0.000253143,0.0002806369,4.67556e-05,0.0003024336,0.0002961317,0.0003545588,0.000311888,0.0003350349,0.0002395494,0.0003172071,0.0002782687,7.860103e-05,0.0,0.0,0.0,0.0,0.0,0.0,0.0,0.0,0.0,0.0,0.0,0.0,0.0,0.0,0.0,0.0,0.0,0.000154319,0.000146431,9.63247e-05,-0.000204207,-8.6277e-05,-0.0001921109,-1.808462e-05,-0.000250017,-0.0002505139,-0.0001859048,-0.000224662,-0.0001835984,-0.0001435334,-6.542121e-06,-0.0001351194,-6.04267e-05,0.0,0.0,0.0,0.0,0.0,0.0,0.0,0.0,0.0,0.0,0.0,0.0,0.0,0.0,0.0,0.0,0.0
9437,18,"(4.0, 8.31529]",-0.000224273,-0.000165778,-0.00018699,-0.000166903,-4.14865e-05,8.995467e-05,-0.0001001609,-3.87058e-05,0.0002513757,0.0001206806,2.11587e-05,4.262755e-05,0.00013472,7.05834e-05,8.220526e-05,3.801034e-05,0.0,0.0,0.0,0.0,0.0,0.0,0.0,0.0,0.0,0.0,0.0,0.0,0.0,0.0,0.0,0.0,0.0,1.34617e-05,-5.19019e-05,0.00026796,0.000867152,0.000846335,0.0009551391,0.0001010304,0.000975667,0.0009889153,0.000989758,0.00105867,0.001039173,0.0008613231,0.0009912528,0.0009069644,0.0002823702,0.0,0.0,0.0,0.0,0.0,0.0,0.0,0.0,0.0,0.0,0.0,0.0,0.0,0.0,0.0,0.0,0.0,0.000154646,0.000128263,9.37423e-05,-0.000247966,-8.82236e-05,-0.0002351673,-2.54719e-05,-0.00032006,-0.0003611547,-0.0002376211,-0.000286455,-0.0002286817,-4.192553e-05,0.0001974733,7.964449e-05,3.829118e-05,0.0,0.0,0.0,0.0,0.0,0.0,0.0,0.0,0.0,0.0,0.0,0.0,0.0,0.0,0.0,0.0,0.0
9437,18,"(8.31529, 13.6945]",-0.000333121,-0.000261094,-0.000303001,-0.000263314,-0.000136842,0.0001473123,-0.0002356391,0.000421097,0.0007704176,0.0003065248,0.000613119,0.0002170301,0.0003762591,0.0001251402,0.0002602651,0.0001100708,0.0,0.0,0.0,0.0,0.0,0.0,0.0,0.0,0.0,0.0,0.0,0.0,0.0,0.0,0.0,0.0,0.0,1.30162e-05,-4.31963e-05,0.000253143,0.000846335,0.000882446,0.0009423384,9.28461e-05,0.0009754449,0.0009884285,0.0009610564,0.00105396,0.001038057,0.0008873015,0.0009963824,0.0009215417,0.0002970985,0.0,0.0,0.0,0.0,0.0,0.0,0.0,0.0,0.0,0.0,0.0,0.0,0.0,0.0,0.0,0.0,0.0,0.000129216,9.90624e-05,0.00012689,0.00035966,0.000201266,0.0003378589,2.204254e-05,0.0002762734,0.0001583589,0.0002078623,0.000200285,0.0001978914,0.0003233811,0.0004115832,0.0004955961,0.0002225776,0.0,0.0,0.0,0.0,0.0,0.0,0.0,0.0,0.0,0.0,0.0,0.0,0.0,0.0,0.0,0.0,0.0
9437,18,"(13.6945, 22.5639]",-0.0002731846,-0.0002095986,-0.0002357461,-0.0002095487,-7.112086e-05,0.0001069786,-0.0001458313,8.101282e-05,0.0004161967,0.0001728078,0.0001530765,8.125704e-05,0.0001954744,9.18898e-05,0.0001389987,6.045655e-05,0.0,0.0,0.0,0.0,0.0,0.0,0.0,0.0,0.0,0.0,0.0,0.0,0.0,0.0,0.0,0.0,0.0,6.892722e-06,-6.41577e-05,0.0002806369,0.0009551391,0.0009423384,0.001062865,0.0001044194,0.001088822,0.001100215,0.001079917,0.001177751,0.001146056,0.0009764942,0.001105447,0.001016869,0.0003173139,0.0,0.0,0.0,0.0,0.0,0.0,0.0,0.0,0.0,0.0,0.0,0.0,0.0,0.0,0.0,0.0,0.0,0.0001533095,0.0001231175,0.0001007695,-0.0001543747,-4.12201e-05,-0.0001483997,-1.862474e-05,-0.0002099266,-0.0002604176,-0.0001639126,-0.0001858708,-0.0001653592,4.008242e-05,0.0002749815,0.0001904925,8.737531e-05,0.0,0.0,0.0,0.0,0.0,0.0,0.0,0.0,0.0,0.0,0.0,0.0,0.0,0.0,0.0,0.0,0.0
9437,18,"(22.5639, 40.0322]",-8.239521e-06,1.692538e-07,-6.031485e-07,-1.506621e-06,1.310785e-05,4.740089e-06,1.312362e-05,-8.476747e-05,-6.441979e-05,-1.40885e-05,-9.326102e-05,-2.184141e-05,-2.639614e-05,9.587831e-07,-3.031358e-05,-1.102813e-05,0.0,0.0,0.0,0.0,0.0,0.0,0.0,0.0,0.0,0.0,0.0,0.0,0.0,0.0,0.0,0.0,0.0,1.005449e-05,-2.189885e-06,4.67556e-05,0.0001010304,9.28461e-05,0.0001044194,1.850736e-05,0.0001084557,0.000108328,0.0001295253,0.0001156437,0.0001227002,8.314501e-05,0.0001119696,9.744947e-05,2.762822e-05,0.0,0.0,0.0,0.0,0.0,0.0,0.0,0.0,0.0,0.0,0.0,0.0,0.0,0.0,0.0,0.0,0.0,3.547233e-05,3.481948e-05,1.843729e-05,-0.0001132757,-4.961713e-05,-0.0001062606,-9.691372e-06,-0.00013462,-0.0001310694,-9.641377e-05,-0.0001187975,-9.251701e-05,-7.552546e-05,-1.831184e-05,-7.720955e-05,-3.447839e-05,0.0,0.0,0.0,0.0,0.0,0.0,0.0,0.0,0.0,0.0,0.0,0.0,0.0,0.0,0.0,0.0,0.0
