MAT,,,9437,9437,9437,9437,9437,9437,9437,9437,9437,9437,9437,9437,9437,9437,9437,9437,9437,9437,9437,9437,9437,9437,9437,9437,9437,9437,9437,9437,9437,9437,9437,9437,9437,9437,9437,9437,9437,9437,9437,9437,9437,9437,9437,9437,9437,9437,9437,9437,9437,9437,9437,9437,9437,9437,9437,9437,9437,9437,9437,9437,9437,9437,9437,9437,9437,9437,9437,9437,9437,9437,9437,9437,9437,9437,9437
MT,,,2,2,2,2,2,2,2,2,2,2,2,2,2,2,2,2,2,2,2,2,2,2,2,2,2,18,18,18,18,18,18,18,18,18,18,18,18,18,18,18,18,18,18,18,18,18,18,18,18,18,102,102,102,102,102,102,102,102,102,102,102,102,102,102,102,102,102,102,102,102,102,102,102,102,102
E,,,"(1e-05, 185.813]","(185.813, 468.471]","(468.471, 886.73]","(886.73, 2235.62]","(2235.62, 9286.92]","(9286.92, 17741.7]","(17741.7, 23414.1]","(23414.1, 27147.8]","(27147.8, 41540.7]","(41540.7, 68444.9]","(68444.9, 73700.4]","(73700.4, 112774.0]","(112774.0, 129554.0]","(129554.0, 139501.0]","(139501.0, 182408.0]","(182408.0, 198239.0]","(198239.0, 303339.0]","(303339.0, 504442.0]","(504442.0, 623994.0]","(623994.0, 771881.0]","(771881.0, 886730.0]","(886730.0, 1807290.0]","(1807290.0, 3206450.0]","(3206450.0, 5283130.0]","(5283130.0, 20000000.0]","(1e-05, 185.813]","(185.813, 468.471]","(468.471, 886.73]","(886.73, 2235.62]","(2235.62, 9286.92]","(9286.92, 17741.7]","(17741.7, 23414.1]","(23414.1, 27147.8]","(27147.8, 41540.7]","(41540.7, 68444.9]","(68444.9, 73700.4]","(73700.4, 112774.0]","(112774.0, 129554.0]","(129554.0, 139501.0]","(139501.0, 182408.0]","(182408.0, 198239.0]","(198239.0, 303339.0]","(303339.0, 504442.0]","(504442.0, 623994.0]","(623994.0, 771881.0]","(771881.0, 886730.0]","(886730.0, 1807290.0]","(1807290.0, 3206450.0]","(3206450.0, 5283130.0]","(5283130.0, 20000000.0]","(1e-05, 185.813]","(185.813, 468.471]","(468.471, 886.73]","(886.73, 2235.62]","(2235.62, 9286.92]","(9286.92, 17741.7]","(17741.7, 23414.1]","(23414.1, 27147.8]","(27147.8, 41540.7]","(41540.7, 68444.9]","(68444.9, 73700.4]","(73700.4, 112774.0]","(112774.0, 129554.0]","(129554.0, 139501.0]","(139501.0, 182408.0]","(182408.0, 198239.0]","(198239.0, 303339.0]","(303339.0, 504442.0]","(504442.0, 623994.0]","(623994.0, 771881.0]","(771881.0, 886730.0]","(886730.0, 1807290.0]","(1807290.0, 3206450.0]","(3206450.0, 5283130.0]","(5283130.0, 20000000.0]"
MAT,MT,E,,,,,,,,,,,,,,,,,,,,,,,,,,,,,,,,,,,,,,,,,,,,,,,,,,,,,,,,,,,,,,,,,,,,,,,,,,,
9437,2,"(1e-05, 185.813]",0.003480465,0.003586379,0.002092755,0.001640605,0.0001438096,0.0,0.0,0.0,0.0,0.0,0.0,0.0,0.0,0.0,0.0,0.0,0.0,0.0,0.0,0.0,0.0,0.0,0.0,0.0,0.0,0.0002033727,0.0002697326,0.0004014935,0.0003094372,4.295587e-05,0.0,0.0,0.0,0.0,0.0,0.0,0.0,0.0,0.0,0.0,0.0,0.0,0.0,0.0,0.0,0.0,0.0,0.0,0.0,0.0,0.00363191,0.003504051,0.002515552,0.002469111,0.0003034822,0.0,0.0,0.0,0.0,0.0,0.0,0.0,0.0,0.0,0.0,0.0,0.0,0.0,0.0,0.0,0.0,0.0,0.0,0.0,0.0
9437,2,"(185.813, 468.471]",0.003586379,0.003773884,0.002253901,0.001764857,0.0001536475,0.0,0.0,0.0,0.0,0.0,0.0,0.0,0.0,0.0,0.0,0.0,0.0,0.0,0.0,0.0,0.0,0.0,0.0,0.0,0.0,0.0001420902,0.0002077957,0.0003322368,0.0002393071,4.111386e-05,0.0,0.0,0.0,0.0,0.0,0.0,0.0,0.0,0.0,0.0,0.0,0.0,0.0,0.0,0.0,0.0,0.0,0.0,0.0,0.0,0.003682811,0.003594513,0.002619497,0.002558484,0.0003168839,0.0,0.0,0.0,0.0,0.0,0.0,0.0,0.0,0.0,0.0,0.0,0.0,0.0,0.0,0.0,0.0,0.0,0.0,0.0,0.0
9437,2,"(468.471, 886.73]",0.002092755,0.002253901,0.001612573,0.00131744,0.0001083901,0.0,0.0,0.0,0.0,0.0,0.0,0.0,0.0,0.0,0.0,0.0,0.0,0.0,0.0,0.0,0.0,0.0,0.0,0.0,0.0,0.0001790188,0.0002372816,0.0003126639,0.0002693381,3.519204e-05,0.0,0.0,0.0,0.0,0.0,0.0,0.0,0.0,0.0,0.0,0.0,0.0,0.0,0.0,0.0,0.0,0.0,0.0,0.0,0.0,0.001786745,0.0017659,0.001475771,0.001431664,0.0001792307,0.0,0.0,0.0,0.0,0.0,0.0,0.0,0.0,0.0,0.0,0.0,0.0,0.0,0.0,0.0,0.0,0.0,0.0,0.0,0.0
9437,2,"(886.73, 2235.62]",0.001640605,0.001764857,0.00131744,0.001172804,0.0001148183,2.114624e-05,2.12891e-05,2.162865e-05,2.186085e-05,2.25642e-05,2.311319e-05,2.309739e-05,2.273381e-05,2.273381e-05,2.273381e-05,2.147829e-05,2.138938e-05,1.91842e-05,1.647954e-05,1.647954e-05,1.810907e-05,2.348352e-05,2.589074e-05,1.905966e-05,1.763244e-05,0.0001183799,0.0001568612,0.0002179228,0.0001872206,2.042942e-05,3.083712e-06,5.942381e-06,6.575512e-06,6.795006e-06,3.421776e-06,-2.20192e-06,-2.419522e-06,-7.293659e-06,-7.293659e-06,-7.293659e-06,-8.818754e-06,-8.914008e-06,-1.021275e-05,-6.219072e-06,-6.219072e-06,-2.15846e-06,-6.693521e-07,-3.603301e-06,-5.817044e-06,-5.229437e-06,0.001252473,0.001240959,0.001035851,0.001102693,0.0001693375,4.064094e-05,4.650445e-05,4.956611e-05,5.14154e-05,5.28086e-05,4.799638e-05,4.783598e-05,4.399718e-05,4.399718e-05,4.399718e-05,4.134102e-05,4.126153e-05,4.607582e-05,5.811068e-05,5.811068e-05,7.138558e-05,9.284251e-05,0.0001269557,0.0001229502,3.188016e-05
9437,2,"(2235.62, 9286.92]",0.0001438096,0.0001536475,0.0001083901,0.0001148183,0.0002020554,0.0002061221,0.0002075464,0.0002108401,0.0002130922,0.0002199084,0.0002252276,0.0002250713,0.0002214761,0.0002214761,0.0002214761,0.0002091986,0.0002083302,0.0001868622,0.0001606224,0.0001606224,0.0001766586,0.0002292858,0.0002529679,0.0001863946,0.0001722049,1.15741e-05,1.546726e-05,2.111225e-05,1.266329e-05,-6.365978e-05,3.28937e-05,6.051562e-05,6.661796e-05,6.871593e-05,3.580952e-05,-1.898436e-05,-2.112979e-05,-6.918596e-05,-6.918596e-05,-6.918596e-05,-8.466175e-05,-8.562883e-05,-9.891284e-05,-6.036173e-05,-6.036173e-05,-2.086598e-05,-6.306584e-06,-3.456218e-05,-5.687412e-05,-5.062796e-05,0.0001273634,0.0001262983,0.000106677,0.000138583,0.0002735831,0.0003902334,0.0004469497,0.0004763177,0.0004940564,0.0005073827,0.0004601852,0.0004587821,0.0004252017,0.0004252017,0.0004252017,0.0004011384,0.0004005032,0.00045159,0.0005752683,0.0005752683,0.0007074713,0.0009207977,0.00125766,0.001231675,0.0003149109
9437,2,"(9286.92, 17741.7]",0.0,0.0,0.0,2.114624e-05,0.0002061221,0.0002197895,0.0002213579,0.0002248739,0.0002272743,0.0002344665,0.00024005,0.0002398771,0.0002359004,0.0002359004,0.0002359004,0.0002227403,0.0002218114,0.0001989666,0.0001712602,0.0001712602,0.0001886344,0.0002452681,0.0002709689,0.0002000108,0.0001843256,0.0,0.0,0.0,-5.964647e-06,-6.38281e-05,4.098068e-05,6.993433e-05,7.630147e-05,7.845399e-05,4.330294e-05,-1.508392e-05,-1.74243e-05,-6.984727e-05,-6.984727e-05,-6.984727e-05,-8.762599e-05,-8.87382e-05,-0.0001042266,-6.391885e-05,-6.391885e-05,-2.196977e-05,-6.332891e-06,-3.57231e-05,-6.107211e-05,-5.336196e-05,0.0,0.0,0.0,2.36597e-05,0.0002643875,0.0004035417,0.000463119,0.0004933934,0.0005116798,0.0005253468,0.0004744958,0.0004733444,0.0004457876,0.0004457876,0.0004457876,0.0004239505,0.0004235695,0.00048711,0.0006326218,0.0006326218,0.0007796966,0.001015965,0.001384349,0.001384526,0.0003446982
9437,2,"(17741.7, 23414.1]",0.0,0.0,0.0,2.12891e-05,0.0002075464,0.0002213579,0.000222958,0.0002264995,0.0002289164,0.0002361442,0.000241752,0.0002415779,0.000237573,0.000237573,0.000237573,0.0002243054,0.0002233691,0.0002003514,0.000172487,0.000172487,0.0001900243,0.0002471372,0.000273085,0.0002016106,0.0001857467,0.0,0.0,0.0,-5.946104e-06,-6.330683e-05,4.207079e-05,7.11734e-05,7.756301e-05,7.971704e-05,4.430558e-05,-1.44918e-05,-1.685623e-05,-6.9818e-05,-6.9818e-05,-6.9818e-05,-8.788516e-05,-8.901558e-05,-0.0001047835,-6.43024e-05,-6.43024e-05,-2.207707e-05,-6.316071e-06,-3.582072e-05,-6.155868e-05,-5.365054e-05,0.0,0.0,0.0,2.368686e-05,0.0002648497,0.000404765,0.000464648,0.0004950114,0.0005133516,0.0005270494,0.000475806,0.0004746891,0.000447958,0.000447958,0.000447958,0.0004264569,0.0004261116,0.0004912955,0.00063962,0.00063962,0.0007885605,0.001027652,0.001399857,0.001403755,0.0003483321
9437,2,"(23414.1, 27147.8]",0.0,0.0,0.0,2.162865e-05,0.0002108401,0.0002248739,0.0002264995,0.0002301156,0.0002325804,0.000239896,0.0002456074,0.0002454299,0.0002413464,0.0002413464,0.0002413464,0.0002278682,0.000226917,0.0002035341,0.0001752261,0.0001752261,0.0001930499,0.0002510785,0.0002774524,0.0002048395,0.0001887058,0.0,0.0,0.0,-6.033824e-06,-6.419536e-05,4.284028e-05,7.23936e-05,7.887938e-05,8.10644e-05,4.508808e-05,-1.464294e-05,-1.704553e-05,-7.086198e-05,-7.086198e-05,-7.086198e-05,-8.923395e-05,-9.038349e-05,-0.0001064228,-6.531171e-05,-6.531171e-05,-2.241877e-05,-6.409143e-06,-3.637195e-05,-6.254346e-05,-5.449109e-05,0.0,0.0,0.0,2.404462e-05,0.0002688913,0.0004109999,0.0004718368,0.000502669,0.0005212905,0.0005351582,0.0004831114,0.0004819818,0.0004549458,0.0004549458,0.0004549458,0.0004331704,0.0004328245,0.0004991701,0.000650044,0.000650044,0.0008014168,0.001044447,0.001422717,0.001427026,0.0003539961
9437,2,"(27147.8, 41540.7]",0.0,0.0,0.0,2.186085e-05,0.0002130922,0.0002272743,0.0002289164,0.0002325804,0.0002350764,0.0002424586,0.0002482383,0.0002480586,0.0002439252,0.0002439252,0.0002439252,0.0002303029,0.0002293416,0.000205709,0.0001770965,0.0001770965,0.0001951122,0.0002537599,0.0002804181,0.0002070278,0.0001907182,0.0,0.0,0.0,-6.098805e-06,-6.488428e-05,4.329852e-05,7.316569e-05,7.971879e-05,8.192597e-05,4.55644e-05,-1.480433e-05,-1.723233e-05,-7.161795e-05,-7.161795e-05,-7.161795e-05,-9.018206e-05,-9.134362e-05,-0.0001075509,-6.600125e-05,-6.600125e-05,-2.265171e-05,-6.474591e-06,-3.67595e-05,-6.3207e-05,-5.506773e-05,0.0,0.0,0.0,2.430185e-05,0.0002717787,0.0004154095,0.0004769059,0.0005080695,0.0005268905,0.000540887,0.0004882951,0.0004871525,0.0004598071,0.0004598071,0.0004598071,0.0004377941,0.0004374438,0.0005044635,0.0006569055,0.0006569055,0.000809864,0.001055469,0.001437758,0.00144199,0.0003577453
9437,2,"(41540.7, 68444.9]",0.0,0.0,0.0,2.25642e-05,0.0002199084,0.0002344665,0.0002361442,0.000239896,0.0002424586,0.0002501611,0.0002561053,0.0002559219,0.000251703,0.000251703,0.000251703,0.0002376467,0.0002366547,0.0002122668,0.000182707,0.000182707,0.0002012327,0.0002616253,0.0002890124,0.0002132931,0.0001966075,0.0,0.0,0.0,-6.387319e-06,-6.846353e-05,4.343689e-05,7.435808e-05,8.114367e-05,8.343552e-05,4.592706e-05,-1.635947e-05,-1.885185e-05,-7.467941e-05,-7.467941e-05,-7.467941e-05,-9.352597e-05,-9.470479e-05,-0.0001110984,-6.807807e-05,-6.807807e-05,-2.334464e-05,-6.706439e-06,-3.812789e-05,-6.503556e-05,-5.684802e-05,0.0,0.0,0.0,2.531214e-05,0.000282792,0.0004314359,0.0004950616,0.0005274337,0.0005469872,0.000561607,0.0005074427,0.0005061833,0.0004760424,0.0004760424,0.0004760424,0.0004523935,0.0004519586,0.0005188134,0.0006727818,0.0006727818,0.0008291167,0.001080333,0.001472457,0.001469875,0.0003668226
9437,2,"(68444.9, 73700.4]",0.0,0.0,0.0,2.311319e-05,0.0002252276,0.00024005,0.000241752,0.0002456074,0.0002482383,0.0002561053,0.000262287,0.0002620982,0.000257754,0.000257754,0.000257754,0.0002433818,0.000242367,0.0002173891,0.000187064,0.000187064,0.000205971,0.0002677052,0.0002956639,0.0002181428,0.0002011538,0.0,0.0,0.0,-6.624313e-06,-7.143962e-05,4.33712e-05,7.51319e-05,8.209625e-05,8.445388e-05,4.607637e-05,-1.77181e-05,-2.025862e-05,-7.71645e-05,-7.71645e-05,-7.71645e-05,-9.619729e-05,-9.738763e-05,-0.0001139084,-6.97255e-05,-6.97255e-05,-2.390543e-05,-6.905517e-06,-3.922859e-05,-6.646163e-05,-5.825416e-05,0.0,0.0,0.0,2.613561e-05,0.0002916174,0.000444154,0.000509468,0.0005428813,0.0005630621,0.0005781372,0.000522847,0.0005214814,0.0004888,0.0004888,0.0004888,0.0004638082,0.0004633023,0.0005298854,0.000684577,0.000684577,0.0008433456,0.001098711,0.001498284,0.001489991,0.0003737035
9437,2,"(73700.4, 112774.0]",0.0,0.0,0.0,2.309739e-05,0.0002250713,0.0002398771,0.0002415779,0.0002454299,0.0002480586,0.0002559219,0.0002620982,0.0002619098,0.0002575748,0.0002575748,0.0002575748,0.0002432125,0.0002421984,0.0002172369,0.0001869293,0.0001869293,0.0002058181,0.0002674988,0.0002954294,0.0002179634,0.0002009965,0.0,0.0,0.0,-6.626712e-06,-7.150219e-05,4.324823e-05,7.499356e-05,8.195519e-05,8.431253e-05,4.596397e-05,-1.778471e-05,-2.032242e-05,-7.716561e-05,-7.716561e-05,-7.716561e-05,-9.616053e-05,-9.734848e-05,-0.0001138323,-6.967058e-05,-6.967058e-05,-2.388302e-05,-6.90017e-06,-3.921416e-05,-6.639792e-05,-5.821001e-05,0.0,0.0,0.0,2.613565e-05,0.0002915949,0.0004440552,0.0005093404,0.0005427484,0.0005629262,0.0005780025,0.0005227629,0.0005213917,0.0004885743,0.0004885743,0.0004885743,0.0004635244,0.000463013,0.0005293665,0.000683675,0.000683675,0.0008422128,0.001097223,0.001496321,0.001487477,0.000373252
9437,2,"(112774.0, 129554.0]",0.0,0.0,0.0,2.273381e-05,0.0002214761,0.0002359004,0.000237573,0.0002413464,0.0002439252,0.000251703,0.000257754,0.0002575748,0.000253451,0.000253451,0.000253451,0.0002393187,0.0002383207,0.0002137357,0.00018383,0.00018383,0.0002022995,0.0002627506,0.0002900324,0.0002138366,0.0001973774,0.0,0.0,0.0,-6.681891e-06,-7.294164e-05,4.041907e-05,7.18108e-05,7.870995e-05,8.106051e-05,4.337816e-05,-1.93171e-05,-2.179042e-05,-7.71912e-05,-7.71912e-05,-7.71912e-05,-9.531484e-05,-9.644776e-05,-0.0001120827,-6.84071e-05,-6.84071e-05,-2.336759e-05,-6.777159e-06,-3.88821e-05,-6.493218e-05,-5.719424e-05,0.0,0.0,0.0,2.613661e-05,0.0002910779,0.0004417842,0.000506404,0.0005396922,0.0005597995,0.0005749026,0.000520828,0.0005193261,0.000483382,0.000483382,0.000483382,0.0004569943,0.0004563552,0.0005174283,0.000662922,0.000662922,0.0008161503,0.001062986,0.001451145,0.001429632,0.0003628633
9437,2,"(129554.0, 139501.0]",0.0,0.0,0.0,2.273381e-05,0.0002214761,0.0002359004,0.000237573,0.0002413464,0.0002439252,0.000251703,0.000257754,0.0002575748,0.000253451,0.000253451,0.000253451,0.0002393187,0.0002383207,0.0002137357,0.00018383,0.00018383,0.0002022995,0.0002627506,0.0002900324,0.0002138366,0.0001973774,0.0,0.0,0.0,-6.681891e-06,-7.294164e-05,4.041907e-05,7.18108e-05,7.870995e-05,8.106051e-05,4.337816e-05,-1.93171e-05,-2.179042e-05,-7.71912e-05,-7.71912e-05,-7.71912e-05,-9.531484e-05,-9.644776e-05,-0.0001120827,-6.84071e-05,-6.84071e-05,-2.336759e-05,-6.777159e-06,-3.88821e-05,-6.493218e-05,-5.719424e-05,0.0,0.0,0.0,2.613661e-05,0.0002910779,0.0004417842,0.000506404,0.0005396922,0.0005597995,0.0005749026,0.000520828,0.0005193261,0.000483382,0.000483382,0.000483382,0.0004569943,0.0004563552,0.0005174283,0.000662922,0.000662922,0.0008161503,0.001062986,0.001451145,0.001429632,0.0003628633
9437,2,"(139501.0, 182408.0]",0.0,0.0,0.0,2.273381e-05,0.0002214761,0.0002359004,0.000237573,0.0002413464,0.0002439252,0.000251703,0.000257754,0.0002575748,0.000253451,0.000253451,0.000253451,0.0002393187,0.0002383207,0.0002137357,0.00018383,0.00018383,0.0002022995,0.0002627506,0.0002900324,0.0002138366,0.0001973774,0.0,0.0,0.0,-6.681891e-06,-7.294164e-05,4.041907e-05,7.18108e-05,7.870995e-05,8.106051e-05,4.337816e-05,-1.93171e-05,-2.179042e-05,-7.71912e-05,-7.71912e-05,-7.71912e-05,-9.531484e-05,-9.644776e-05,-0.0001120827,-6.84071e-05,-6.84071e-05,-2.336759e-05,-6.777159e-06,-3.88821e-05,-6.493218e-05,-5.719424e-05,0.0,0.0,0.0,2.613661e-05,0.0002910779,0.0004417842,0.000506404,0.0005396922,0.0005597995,0.0005749026,0.000520828,0.0005193261,0.000483382,0.000483382,0.000483382,0.0004569943,0.0004563552,0.0005174283,0.000662922,0.000662922,0.0008161503,0.001062986,0.001451145,0.001429632,0.0003628633
9437,2,"(182408.0, 198239.0]",0.0,0.0,0.0,2.147829e-05,0.0002091986,0.0002227403,0.0002243054,0.0002278682,0.0002303029,0.0002376467,0.0002433818,0.0002432125,0.0002393187,0.0002393187,0.0002393187,0.0002260562,0.0002251175,0.0002018748,0.0001735803,0.0001735803,0.0001909759,0.0002479649,0.0002736214,0.0002016636,0.000186239,0.0,0.0,0.0,-6.392938e-06,-7.020153e-05,3.708312e-05,6.681194e-05,7.335124e-05,7.558544e-05,4.000861e-05,-1.920187e-05,-2.152704e-05,-7.360928e-05,-7.360928e-05,-7.360928e-05,-9.050089e-05,-9.155652e-05,-0.0001060852,-6.4709e-05,-6.4709e-05,-2.215438e-05,-6.512436e-06,-3.695842e-05,-6.126359e-05,-5.413376e-05,0.0,0.0,0.0,2.488358e-05,0.0002768158,0.0004194217,0.0004806021,0.0005122459,0.0005313592,0.0005457132,0.000494689,0.0004932099,0.0004578096,0.0004578096,0.0004578096,0.0004321728,0.0004315142,0.0004875409,0.0006225317,0.0006225317,0.0007660827,0.0009975206,0.001362272,0.001336806,0.0003409695
9437,2,"(198239.0, 303339.0]",0.0,0.0,0.0,2.138938e-05,0.0002083302,0.0002218114,0.0002233691,0.000226917,0.0002293416,0.0002366547,0.000242367,0.0002421984,0.0002383207,0.0002383207,0.0002383207,0.0002251175,0.000224183,0.0002010366,0.0001728568,0.0001728568,0.0001901774,0.0002469239,0.0002724684,0.00020081,0.0001854556,0.0,0.0,0.0,-6.370793e-06,-6.998084e-05,3.686909e-05,6.64786e-05,7.299204e-05,7.521777e-05,3.978958e-05,-1.917466e-05,-2.148964e-05,-7.334377e-05,-7.334377e-05,-7.334377e-05,-9.01543e-05,-9.120485e-05,-0.0001056618,-6.445057e-05,-6.445057e-05,-2.207138e-05,-6.495034e-06,-3.68204e-05,-6.100994e-05,-5.391983e-05,0.0,0.0,0.0,2.479032e-05,0.0002757633,0.0004177892,0.0004787223,0.0005102445,0.0005292844,0.0005435826,0.000492772,0.0004912961,0.000455974,0.000455974,0.000455974,0.0004304099,0.0004297515,0.0004854676,0.000619783,0.000619783,0.0007626811,0.0009930764,0.001356225,0.001330621,0.0003394704
9437,2,"(303339.0, 504442.0]",0.0,0.0,0.0,1.91842e-05,0.0001868622,0.0001989666,0.0002003514,0.0002035341,0.000205709,0.0002122668,0.0002173891,0.0002172369,0.0002137357,0.0002137357,0.0002137357,0.0002018748,0.0002010366,0.0001803489,0.0001550596,0.0001550596,0.0001705913,0.0002214926,0.0002444464,0.0001801756,0.0001663691,0.0,0.0,0.0,-5.713083e-06,-6.278502e-05,3.300022e-05,5.955086e-05,6.539852e-05,6.739828e-05,3.562574e-05,-1.726528e-05,-1.934701e-05,-6.59762e-05,-6.59762e-05,-6.59762e-05,-8.116606e-05,-8.211561e-05,-9.520894e-05,-5.823272e-05,-5.823272e-05,-2.017414e-05,-6.130923e-06,-3.326694e-05,-5.508948e-05,-4.876308e-05,0.0,0.0,0.0,2.218874e-05,0.0002469419,0.0003741818,0.000428743,0.0004569327,0.000473958,0.0004866977,0.0004410343,0.0004397436,0.0004088535,0.0004088535,0.0004088535,0.0003863259,0.0003857668,0.0004367177,0.0005585829,0.0005585829,0.0006873376,0.000894876,0.001221698,0.001201576,0.0003055121
9437,2,"(504442.0, 623994.0]",0.0,0.0,0.0,1.647954e-05,0.0001606224,0.0001712602,0.000172487,0.0001752261,0.0001770965,0.000182707,0.000187064,0.0001869293,0.00018383,0.00018383,0.00018383,0.0001735803,0.0001728568,0.0001550596,0.000133494,0.000133494,0.0001470135,0.0001911214,0.0002111449,0.0001558438,0.0001436234,0.0,0.0,0.0,-4.660598e-06,-4.993659e-05,3.174796e-05,5.43251e-05,5.928138e-05,6.095578e-05,3.356658e-05,-1.19509e-05,-1.377542e-05,-5.46434e-05,-5.46434e-05,-5.46434e-05,-6.850756e-05,-6.93752e-05,-8.147943e-05,-5.01184e-05,-5.01184e-05,-1.744355e-05,-5.267913e-06,-2.816457e-05,-4.790333e-05,-4.183871e-05,0.0,0.0,0.0,1.845414e-05,0.0002061769,0.0003146198,0.000361036,0.0003846381,0.0003988944,0.0004095511,0.00036996,0.00036906,0.00034752,0.00034752,0.00034752,0.000330477,0.000330179,0.0003797069,0.000492992,0.000492992,0.0006076418,0.0007918171,0.001078922,0.00107874,0.0002685378
9437,2,"(623994.0, 771881.0]",0.0,0.0,0.0,1.647954e-05,0.0001606224,0.0001712602,0.000172487,0.0001752261,0.0001770965,0.000182707,0.000187064,0.0001869293,0.00018383,0.00018383,0.00018383,0.0001735803,0.0001728568,0.0001550596,0.000133494,0.000133494,0.0001470135,0.0001911214,0.0002111449,0.0001558438,0.0001436234,0.0,0.0,0.0,-4.660598e-06,-4.993659e-05,3.174796e-05,5.43251e-05,5.928138e-05,6.095578e-05,3.356658e-05,-1.19509e-05,-1.377542e-05,-5.46434e-05,-5.46434e-05,-5.46434e-05,-6.850756e-05,-6.93752e-05,-8.147943e-05,-5.01184e-05,-5.01184e-05,-1.744355e-05,-5.267913e-06,-2.816457e-05,-4.790333e-05,-4.183871e-05,0.0,0.0,0.0,1.845414e-05,0.0002061769,0.0003146198,0.000361036,0.0003846381,0.0003988944,0.0004095511,0.00036996,0.00036906,0.00034752,0.00034752,0.00034752,0.000330477,0.000330179,0.0003797069,0.000492992,0.000492992,0.0006076418,0.0007918171,0.001078922,0.00107874,0.0002685378
9437,2,"(771881.0, 886730.0]",0.0,0.0,0.0,1.810907e-05,0.0001766586,0.0001886344,0.0001900243,0.0001930499,0.0001951122,0.0002012327,0.000205971,0.0002058181,0.0002022995,0.0002022995,0.0002022995,0.0001909759,0.0001901774,0.0001705913,0.0001470135,0.0001470135,0.0001621294,0.0002110944,0.0002334615,0.0001725699,0.0001587108,0.0,0.0,0.0,-4.816554e-06,-4.995051e-05,3.910563e-05,6.36256e-05,6.899093e-05,7.077774e-05,4.055196e-05,-9.561954e-06,-1.160957e-05,-5.747486e-05,-5.747486e-05,-5.747486e-05,-7.368417e-05,-7.469931e-05,-8.899707e-05,-5.498507e-05,-5.498507e-05,-1.909062e-05,-5.571748e-06,-3.024982e-05,-5.313774e-05,-4.575252e-05,0.0,0.0,0.0,1.953787e-05,0.000219377,0.0003375196,0.0003879928,0.0004132334,0.0004284776,0.0004397758,0.0003957937,0.0003950559,0.0003773998,0.0003773998,0.0003773998,0.0003614711,0.0003613631,0.0004226439,0.000557526,0.000557526,0.000688229,0.0008975321,0.001220714,0.001241157,0.0003024368
9437,2,"(886730.0, 1807290.0]",0.0,0.0,0.0,2.348352e-05,0.0002292858,0.0002452681,0.0002471372,0.0002510785,0.0002537599,0.0002616253,0.0002677052,0.0002674988,0.0002627506,0.0002627506,0.0002627506,0.0002479649,0.0002469239,0.0002214926,0.0001911214,0.0001911214,0.0002110944,0.0002753687,0.0003049618,0.0002258153,0.0002071663,0.0,0.0,0.0,-5.775286e-06,-5.717529e-05,5.718637e-05,8.853005e-05,9.536311e-05,9.759951e-05,5.822803e-05,-6.889547e-06,-9.61261e-06,-7.060742e-05,-7.060742e-05,-7.060742e-05,-9.316622e-05,-9.458015e-05,-0.0001146968,-7.123778e-05,-7.123778e-05,-2.467154e-05,-6.879995e-06,-3.810867e-05,-6.969319e-05,-5.90784e-05,0.0,0.0,0.0,2.417335e-05,0.0002731683,0.0004247453,0.000489351,0.0005209284,0.0005399983,0.0005540006,0.0004961546,0.0004956033,0.0004824103,0.0004824103,0.0004824103,0.000466231,0.000466443,0.0005569636,0.0007485746,0.0007485746,0.0009256869,0.001208227,0.001639524,0.001699345,0.0004040384
9437,2,"(1807290.0, 3206450.0]",0.0,0.0,0.0,2.589074e-05,0.0002529679,0.0002709689,0.000273085,0.0002774524,0.0002804181,0.0002890124,0.0002956639,0.0002954294,0.0002900324,0.0002900324,0.0002900324,0.0002736214,0.0002724684,0.0002444464,0.0002111449,0.0002111449,0.0002334615,0.0003049618,0.0003381446,0.0002507398,0.000229574,0.0,0.0,0.0,-5.966194e-06,-5.658465e-05,6.850402e-05,0.000102681,0.000110109,0.0001125062,6.894825e-05,-2.952916e-06,-6.016584e-06,-7.464072e-05,-7.464072e-05,-7.464072e-05,-0.0001008736,-0.0001025193,-0.0001261323,-7.872151e-05,-7.872151e-05,-2.731921e-05,-7.421983e-06,-4.115197e-05,-7.769485e-05,-6.517274e-05,0.0,0.0,0.0,2.563501e-05,0.0002912606,0.0004568649,0.000527343,0.0005610798,0.0005814556,0.0005963602,0.0005317674,0.0005315309,0.0005258724,0.0005258724,0.0005258724,0.0005120985,0.0005126528,0.0006225691,0.0008489722,0.0008489722,0.001051184,0.001372866,0.001859618,0.001955946,0.0004563238
9437,2,"(3206450.0, 5283130.0]",0.0,0.0,0.0,1.905966e-05,0.0001863946,0.0002000108,0.0002016106,0.0002048395,0.0002070278,0.0002132931,0.0002181428,0.0002179634,0.0002138366,0.0002138366,0.0002138366,0.0002016636,0.00020081,0.0001801756,0.0001558438,0.0001558438,0.0001725699,0.0002258153,0.0002507398,0.0001862948,0.0001701188,0.0,0.0,0.0,-4.010911e-06,-3.553477e-05,5.559157e-05,8.03786e-05,8.574062e-05,8.74367e-05,5.522422e-05,2.180327e-06,-1.346121e-07,-5.198772e-05,-5.198772e-05,-5.198772e-05,-7.263703e-05,-7.393372e-05,-9.271553e-05,-5.833009e-05,-5.833009e-05,-2.044003e-05,-5.522673e-06,-2.966268e-05,-5.824472e-05,-4.820416e-05,0.0,0.0,0.0,1.789045e-05,0.0002048591,0.0003252634,0.0003764051,0.0004002363,0.0004146284,0.000425035,0.0003767004,0.0003768856,0.0003813174,0.0003813174,0.0003813174,0.0003751731,0.0003758959,0.0004667159,0.000648117,0.000648117,0.0008036878,0.001050381,0.001419748,0.001520334,0.0003464761
9437,2,"(5283130.0, 20000000.0]",0.0,0.0,0.0,1.763244e-05,0.0001722049,0.0001843256,0.0001857467,0.0001887058,0.0001907182,0.0001966075,0.0002011538,0.0002009965,0.0001973774,0.0001973774,0.0001973774,0.000186239,0.0001854556,0.0001663691,0.0001436234,0.0001436234,0.0001587108,0.0002071663,0.000229574,0.0001701188,0.0001559353,0.0,0.0,0.0,-4.200887e-06,-4.074875e-05,4.478748e-05,6.819297e-05,7.328409e-05,7.493829e-05,4.533392e-05,-3.575762e-06,-5.640147e-06,-5.1881e-05,-5.1881e-05,-5.1881e-05,-6.925031e-05,-7.03395e-05,-8.590094e-05,-5.342126e-05,-5.342126e-05,-1.843799e-05,-4.987508e-06,-2.820727e-05,-5.247813e-05,-4.426153e-05,0.0,0.0,0.0,1.781235e-05,0.0002018211,0.000315124,0.0003633893,0.0003867297,0.0004008265,0.0004111768,0.0003674947,0.0003672024,0.0003602071,0.0003602071,0.0003602071,0.0003493704,0.0003496329,0.0004208538,0.0005696221,0.0005696221,0.0007048616,0.0009202901,0.001247752,0.001302596,0.0003068858
9437,18,"(1e-05, 185.813]",0.0002033727,0.0001420902,0.0001790188,0.0001183799,1.15741e-05,0.0,0.0,0.0,0.0,0.0,0.0,0.0,0.0,0.0,0.0,0.0,0.0,0.0,0.0,0.0,0.0,0.0,0.0,0.0,0.0,0.0008880534,0.001065972,0.0009194949,0.0009367941,6.857977e-05,0.0,0.0,0.0,0.0,0.0,0.0,0.0,0.0,0.0,0.0,0.0,0.0,0.0,0.0,0.0,0.0,0.0,0.0,0.0,0.0,-9.141951e-05,-0.000106585,0.0001162691,0.0002122123,2.081466e-05,0.0,0.0,0.0,0.0,0.0,0.0,0.0,0.0,0.0,0.0,0.0,0.0,0.0,0.0,0.0,0.0,0.0,0.0,0.0,0.0
9437,18,"(185.813, 468.471]",0.0002697326,0.0002077957,0.0002372816,0.0001568612,1.546726e-05,0.0,0.0,0.0,0.0,0.0,0.0,0.0,0.0,0.0,0.0,0.0,0.0,0.0,0.0,0.0,0.0,0.0,0.0,0.0,0.0,0.001065972,0.001291858,0.001123292,0.001130901,8.402442e-05,0.0,0.0,0.0,0.0,0.0,0.0,0.0,0.0,0.0,0.0,0.0,0.0,0.0,0.0,0.0,0.0,0.0,0.0,0.0,0.0,-8.679421e-05,-9.531179e-05,0.000175241,0.0002925929,2.988405e-05,0.0,0.0,0.0,0.0,0.0,0.0,0.0,0.0,0.0,0.0,0.0,0.0,0.0,0.0,0.0,0.0,0.0,0.0,0.0,0.0
9437,18,"(468.471, 886.73]",0.0004014935,0.0003322368,0.0003126639,0.0002179228,2.111225e-05,0.0,0.0,0.0,0.0,0.0,0.0,0.0,0.0,0.0,0.0,0.0,0.0,0.0,0.0,0.0,0.0,0.0,0.0,0.0,0.0,0.0009194949,0.001123292,0.001094526,0.001040807,8.061101e-05,0.0,0.0,0.0,0.0,0.0,0.0,0.0,0.0,0.0,0.0,0.0,0.0,0.0,0.0,0.0,0.0,0.0,0.0,0.0,0.0,0.0001462501,0.0001383828,0.000356601,0.0004478037,4.818035e-05,0.0,0.0,0.0,0.0,0.0,0.0,0.0,0.0,0.0,0.0,0.0,0.0,0.0,0.0,0.0,0.0,0.0,0.0,0.0,0.0
9437,18,"(886.73, 2235.62]",0.0003094372,0.0002393071,0.0002693381,0.0001872206,1.266329e-05,-5.964647e-06,-5.946104e-06,-6.033824e-06,-6.098805e-06,-6.387319e-06,-6.624313e-06,-6.626712e-06,-6.681891e-06,-6.681891e-06,-6.681891e-06,-6.392938e-06,-6.370793e-06,-5.713083e-06,-4.660598e-06,-4.660598e-06,-4.816554e-06,-5.775286e-06,-5.966194e-06,-4.010911e-06,-4.200887e-06,0.0009367941,0.001130901,0.001040807,0.001047558,8.821887e-05,5.471794e-06,4.146064e-06,3.814785e-06,3.660815e-06,4.549497e-06,6.173369e-06,6.177843e-06,6.278052e-06,6.278052e-06,6.278052e-06,5.309213e-06,5.247389e-06,4.169856e-06,2.199475e-06,2.199475e-06,8.914497e-07,6.097016e-07,2.242339e-06,1.188773e-06,2.132887e-06,4.656177e-05,2.935779e-05,0.000271409,0.0003682273,2.128065e-05,-2.497764e-05,-2.7606e-05,-2.961535e-05,-3.082887e-05,-3.182116e-05,-3.100705e-05,-3.058701e-05,-2.053434e-05,-2.053434e-05,-2.053434e-05,-1.560798e-05,-1.526189e-05,-6.728744e-06,4.746522e-06,4.746522e-06,7.626427e-06,1.116244e-05,1.16576e-05,4.313905e-05,7.795241e-07
9437,18,"(2235.62, 9286.92]",4.295587e-05,4.111386e-05,3.519204e-05,2.042942e-05,-6.365978e-05,-6.38281e-05,-6.330683e-05,-6.419536e-05,-6.488428e-05,-6.846353e-05,-7.143962e-05,-7.150219e-05,-7.294164e-05,-7.294164e-05,-7.294164e-05,-7.020153e-05,-6.998084e-05,-6.278502e-05,-4.993659e-05,-4.993659e-05,-4.995051e-05,-5.717529e-05,-5.658465e-05,-3.553477e-05,-4.074875e-05,6.857977e-05,8.402442e-05,8.061101e-05,8.821887e-05,0.0001535169,9.367803e-05,7.665228e-05,7.225514e-05,7.009468e-05,7.927348e-05,9.686738e-05,9.661323e-05,9.092033e-05,9.092033e-05,9.092033e-05,7.309395e-05,7.196006e-05,5.276324e-05,2.689997e-05,2.689997e-05,1.1885e-05,9.452853e-06,3.119872e-05,1.104438e-05,2.743447e-05,2.796297e-05,2.887341e-05,4.799381e-05,3.486591e-05,-0.0002606526,-0.0003402575,-0.0003736176,-0.0004011499,-0.0004177771,-0.0004315411,-0.0004255412,-0.0004190673,-0.0002641325,-0.0002641325,-0.0002641325,-0.0001893674,-0.0001839584,-4.06831e-05,0.0001605331,0.0001605331,0.0002263145,0.0003145799,0.00037268,0.0008694989,5.952138e-05
9437,18,"(9286.92, 17741.7]",0.0,0.0,0.0,3.083712e-06,3.28937e-05,4.098068e-05,4.207079e-05,4.284028e-05,4.329852e-05,4.343689e-05,4.33712e-05,4.324823e-05,4.041907e-05,4.041907e-05,4.041907e-05,3.708312e-05,3.686909e-05,3.300022e-05,3.174796e-05,3.174796e-05,3.910563e-05,5.718637e-05,6.850402e-05,5.559157e-05,4.478748e-05,0.0,0.0,0.0,5.471794e-06,9.367803e-05,9.494402e-05,9.331709e-05,9.239747e-05,9.1532e-05,8.418336e-05,7.385153e-05,7.266617e-05,4.611487e-05,4.611487e-05,4.611487e-05,2.427055e-05,2.288999e-05,9.686672e-07,-3.372472e-06,-3.372472e-06,1.923631e-06,6.287259e-06,1.142627e-05,-1.527756e-05,1.770496e-06,0.0,0.0,0.0,-1.145355e-05,-0.000106549,-0.0001058012,-0.0001076534,-0.0001170155,-0.0001226676,-0.0001279383,-0.0001440701,-0.00013938,-2.71339e-05,-2.71339e-05,-2.71339e-05,2.350373e-05,2.766222e-05,0.000168245,0.0003897725,0.0003897725,0.000503805,0.000672839,0.0008723399,0.001268982,0.0001911254
9437,18,"(17741.7, 23414.1]",0.0,0.0,0.0,5.942381e-06,6.051562e-05,6.993433e-05,7.11734e-05,7.23936e-05,7.316569e-05,7.435808e-05,7.51319e-05,7.499356e-05,7.18108e-05,7.18108e-05,7.18108e-05,6.681194e-05,6.64786e-05,5.955086e-05,5.43251e-05,5.43251e-05,6.36256e-05,8.853005e-05,0.000102681,8.03786e-05,6.819297e-05,0.0,0.0,0.0,4.146064e-06,7.665228e-05,9.331709e-05,9.6113e-05,9.620094e-05,9.572182e-05,8.383386e-05,6.57753e-05,6.434767e-05,3.23698e-05,3.23698e-05,3.23698e-05,9.787556e-06,8.362234e-06,-1.39407e-05,-1.20437e-05,-1.20437e-05,-1.054862e-06,5.188311e-06,5.528606e-06,-2.253405e-05,-5.685423e-06,0.0,0.0,0.0,-6.984186e-06,-5.845079e-05,-3.716832e-05,-3.00544e-05,-3.409776e-05,-3.653721e-05,-3.930552e-05,-6.14703e-05,-5.736908e-05,4.07832e-05,4.07832e-05,4.07832e-05,8.366883e-05,8.739897e-05,0.0002247733,0.000448042,0.000448042,0.0005736871,0.000762605,0.0009987132,0.001359847,0.0002250523
9437,18,"(23414.1, 27147.8]",0.0,0.0,0.0,6.575512e-06,6.661796e-05,7.630147e-05,7.756301e-05,7.887938e-05,7.971879e-05,8.114367e-05,8.209625e-05,8.195519e-05,7.870995e-05,7.870995e-05,7.870995e-05,7.335124e-05,7.299204e-05,6.539852e-05,5.928138e-05,5.928138e-05,6.899093e-05,9.536311e-05,0.000110109,8.574062e-05,7.328409e-05,0.0,0.0,0.0,3.814785e-06,7.225514e-05,9.239747e-05,9.620094e-05,9.655197e-05,9.6182e-05,8.329623e-05,6.354782e-05,6.206788e-05,2.891811e-05,2.891811e-05,2.891811e-05,6.200904e-06,4.767259e-06,-1.760379e-05,-1.421356e-05,-1.421356e-05,-1.908752e-06,4.809335e-06,4.086691e-06,-2.423292e-05,-7.586069e-06,0.0,0.0,0.0,-5.935833e-06,-4.722914e-05,-2.142356e-05,-1.232585e-05,-1.519147e-05,-1.69198e-05,-1.914187e-05,-4.269387e-05,-3.872329e-05,5.630241e-05,5.630241e-05,5.630241e-05,9.743753e-05,0.0001010714,0.0002377547,0.0004613189,0.0004613189,0.0005894325,0.0007826617,0.001026912,0.001380045,0.0002325788
9437,18,"(27147.8, 41540.7]",0.0,0.0,0.0,6.795006e-06,6.871593e-05,7.845399e-05,7.971704e-05,8.10644e-05,8.192597e-05,8.343552e-05,8.445388e-05,8.431253e-05,8.106051e-05,8.106051e-05,8.106051e-05,7.558544e-05,7.521777e-05,6.739828e-05,6.095578e-05,6.095578e-05,7.077774e-05,9.759951e-05,0.0001125062,8.74367e-05,7.493829e-05,0.0,0.0,0.0,3.660815e-06,7.009468e-05,9.1532e-05,9.572182e-05,9.6182e-05,9.586111e-05,8.264609e-05,6.232612e-05,6.083274e-05,2.738215e-05,2.738215e-05,2.738215e-05,4.722905e-06,3.292971e-06,-1.899655e-05,-1.501612e-05,-1.501612e-05,-2.240813e-06,4.642028e-06,3.502506e-06,-2.477247e-05,-8.304929e-06,0.0,0.0,0.0,-5.483836e-06,-4.247665e-05,-1.500765e-05,-5.168763e-06,-7.554733e-06,-8.993463e-06,-1.098927e-05,-3.498333e-05,-3.108384e-05,6.224077e-05,6.224077e-05,6.224077e-05,0.0001024785,0.0001060564,0.0002418036,0.0004643848,0.0004643848,0.0005928383,0.0007868205,0.001033109,0.001381335,0.0002344397
9437,18,"(41540.7, 68444.9]",0.0,0.0,0.0,3.421776e-06,3.580952e-05,4.330294e-05,4.430558e-05,4.508808e-05,4.55644e-05,4.592706e-05,4.607637e-05,4.596397e-05,4.337816e-05,4.337816e-05,4.337816e-05,4.000861e-05,3.978958e-05,3.562574e-05,3.356658e-05,3.356658e-05,4.055196e-05,5.822803e-05,6.894825e-05,5.522422e-05,4.533392e-05,0.0,0.0,0.0,4.549497e-06,7.927348e-05,8.418336e-05,8.383386e-05,8.329623e-05,8.264609e-05,7.511684e-05,6.412285e-05,6.301342e-05,3.816282e-05,3.816282e-05,3.816282e-05,1.85645e-05,1.732639e-05,-2.250132e-06,-4.596584e-06,-4.596584e-06,1.490263e-06,5.849225e-06,9.291591e-06,-1.462663e-05,4.609554e-07,0.0,0.0,0.0,-9.087621e-06,-8.297277e-05,-7.74737e-05,-7.701075e-05,-8.40766e-05,-8.834164e-05,-9.242557e-05,-0.0001081663,-0.0001041464,-7.940228e-06,-7.940228e-06,-7.940228e-06,3.513198e-05,3.871803e-05,0.0001625922,0.0003593553,0.0003593553,0.0004631329,0.0006175816,0.0008029643,0.00114619,0.0001776306
9437,18,"(68444.9, 73700.4]",0.0,0.0,0.0,-2.20192e-06,-1.898436e-05,-1.508392e-05,-1.44918e-05,-1.464294e-05,-1.480433e-05,-1.635947e-05,-1.77181e-05,-1.778471e-05,-1.93171e-05,-1.93171e-05,-1.93171e-05,-1.920187e-05,-1.917466e-05,-1.726528e-05,-1.19509e-05,-1.19509e-05,-9.561954e-06,-6.889547e-06,-2.952916e-06,2.180327e-06,-3.575762e-06,0.0,0.0,0.0,6.173369e-06,9.686738e-05,7.385153e-05,6.57753e-05,6.354782e-05,6.232612e-05,6.412285e-05,6.86926e-05,6.820053e-05,5.71785e-05,5.71785e-05,5.71785e-05,4.220166e-05,4.125279e-05,2.570343e-05,1.26368e-05,1.26368e-05,7.591671e-06,7.829983e-06,1.913946e-05,1.838162e-06,1.489551e-05,0.0,0.0,0.0,-1.546056e-05,-0.0001540958,-0.0001857338,-0.000201176,-0.0002163785,-0.0002255595,-0.0002333524,-0.000235656,-0.0002312966,-0.000126966,-0.000126966,-0.000126966,-7.778134e-05,-7.406991e-05,3.366481e-05,0.000192883,0.000192883,0.0002581117,0.0003504897,0.0004386375,0.0007843415,8.685979e-05
9437,18,"(73700.4, 112774.0]",0.0,0.0,0.0,-2.419522e-06,-2.112979e-05,-1.74243e-05,-1.685623e-05,-1.704553e-05,-1.723233e-05,-1.885185e-05,-2.025862e-05,-2.032242e-05,-2.179042e-05,-2.179042e-05,-2.179042e-05,-2.152704e-05,-2.148964e-05,-1.934701e-05,-1.377542e-05,-1.377542e-05,-1.160957e-05,-9.61261e-06,-6.016584e-06,-1.346121e-07,-5.640147e-06,0.0,0.0,0.0,6.177843e-06,9.661323e-05,7.266617e-05,6.434767e-05,6.206788e-05,6.083274e-05,6.301342e-05,6.820053e-05,6.774202e-05,5.747167e-05,5.747167e-05,5.747167e-05,4.289091e-05,4.19671e-05,2.680245e-05,1.339564e-05,1.339564e-05,7.906545e-06,7.935482e-06,1.94365e-05,2.657049e-06,1.551587e-05,0.0,0.0,0.0,-1.555376e-05,-0.0001553509,-0.0001881806,-0.0002041163,-0.0002194681,-0.000228739,-0.000236581,-0.0002382347,-0.0002339208,-0.0001306783,-0.0001306783,-0.0001306783,-8.190551e-05,-7.824041e-05,2.725379e-05,0.000182625,0.000182625,0.0002452679,0.0003336352,0.0004162256,0.0007572192,8.16273e-05
9437,18,"(112774.0, 129554.0]",0.0,0.0,0.0,-7.293659e-06,-6.918596e-05,-6.984727e-05,-6.9818e-05,-7.086198e-05,-7.161795e-05,-7.467941e-05,-7.71645e-05,-7.716561e-05,-7.71912e-05,-7.71912e-05,-7.71912e-05,-7.360928e-05,-7.334377e-05,-6.59762e-05,-5.46434e-05,-5.46434e-05,-5.747486e-05,-7.060742e-05,-7.464072e-05,-5.198772e-05,-5.1881e-05,0.0,0.0,0.0,6.278052e-06,9.092033e-05,4.611487e-05,3.23698e-05,2.891811e-05,2.738215e-05,3.816282e-05,5.71785e-05,5.747167e-05,6.40384e-05,6.40384e-05,6.40384e-05,5.832976e-05,5.79671e-05,5.141976e-05,3.03931e-05,3.03931e-05,1.495953e-05,1.029859e-05,2.60901e-05,2.099956e-05,2.941145e-05,0.0,0.0,0.0,-1.764134e-05,-0.0001834642,-0.0002429859,-0.000269977,-0.0002886717,-0.0002999577,-0.0003088987,-0.000295997,-0.0002927015,-0.000213831,-0.000213831,-0.000213831,-0.0001742843,-0.0001716569,-0.0001163488,-4.71478e-05,-4.71478e-05,-4.242513e-05,-4.389398e-05,-8.578452e-05,0.0001496981,-3.557713e-05
9437,18,"(129554.0, 139501.0]",0.0,0.0,0.0,-7.293659e-06,-6.918596e-05,-6.984727e-05,-6.9818e-05,-7.086198e-05,-7.161795e-05,-7.467941e-05,-7.71645e-05,-7.716561e-05,-7.71912e-05,-7.71912e-05,-7.71912e-05,-7.360928e-05,-7.334377e-05,-6.59762e-05,-5.46434e-05,-5.46434e-05,-5.747486e-05,-7.060742e-05,-7.464072e-05,-5.198772e-05,-5.1881e-05,0.0,0.0,0.0,6.278052e-06,9.092033e-05,4.611487e-05,3.23698e-05,2.891811e-05,2.738215e-05,3.816282e-05,5.71785e-05,5.747167e-05,6.40384e-05,6.40384e-05,6.40384e-05,5.832976e-05,5.79671e-05,5.141976e-05,3.03931e-05,3.03931e-05,1.495953e-05,1.029859e-05,2.60901e-05,2.099956e-05,2.941145e-05,0.0,0.0,0.0,-1.764134e-05,-0.0001834642,-0.0002429859,-0.000269977,-0.0002886717,-0.0002999577,-0.0003088987,-0.000295997,-0.0002927015,-0.000213831,-0.000213831,-0.000213831,-0.0001742843,-0.0001716569,-0.0001163488,-4.71478e-05,-4.71478e-05,-4.242513e-05,-4.389398e-05,-8.578452e-05,0.0001496981,-3.557713e-05
9437,18,"(139501.0, 182408.0]",0.0,0.0,0.0,-7.293659e-06,-6.918596e-05,-6.984727e-05,-6.9818e-05,-7.086198e-05,-7.161795e-05,-7.467941e-05,-7.71645e-05,-7.716561e-05,-7.71912e-05,-7.71912e-05,-7.71912e-05,-7.360928e-05,-7.334377e-05,-6.59762e-05,-5.46434e-05,-5.46434e-05,-5.747486e-05,-7.060742e-05,-7.464072e-05,-5.198772e-05,-5.1881e-05,0.0,0.0,0.0,6.278052e-06,9.092033e-05,4.611487e-05,3.23698e-05,2.891811e-05,2.738215e-05,3.816282e-05,5.71785e-05,5.747167e-05,6.40384e-05,6.40384e-05,6.40384e-05,5.832976e-05,5.79671e-05,5.141976e-05,3.03931e-05,3.03931e-05,1.495953e-05,1.029859e-05,2.60901e-05,2.099956e-05,2.941145e-05,0.0,0.0,0.0,-1.764134e-05,-0.0001834642,-0.0002429859,-0.000269977,-0.0002886717,-0.0002999577,-0.0003088987,-0.000295997,-0.0002927015,-0.000213831,-0.000213831,-0.000213831,-0.0001742843,-0.0001716569,-0.0001163488,-4.71478e-05,-4.71478e-05,-4.242513e-05,-4.389398e-05,-8.578452e-05,0.0001496981,-3.557713e-05
9437,18,"(182408.0, 198239.0]",0.0,0.0,0.0,-8.818754e-06,-8.466175e-05,-8.762599e-05,-8.788516e-05,-8.923395e-05,-9.018206e-05,-9.352597e-05,-9.619729e-05,-9.616053e-05,-9.531484e-05,-9.531484e-05,-9.531484e-05,-9.050089e-05,-9.01543e-05,-8.116606e-05,-6.850756e-05,-6.850756e-05,-7.368417e-05,-9.316622e-05,-0.0001008736,-7.263703e-05,-6.925031e-05,0.0,0.0,0.0,5.309213e-06,7.309395e-05,2.427055e-05,9.787556e-06,6.200904e-06,4.722905e-06,1.85645e-05,4.220166e-05,4.289091e-05,5.832976e-05,5.832976e-05,5.832976e-05,5.909629e-05,5.914483e-05,5.916747e-05,3.717327e-05,3.717327e-05,1.847395e-05,1.157081e-05,2.680576e-05,2.979554e-05,3.457191e-05,0.0,0.0,0.0,-1.569534e-05,-0.0001669452,-0.000230738,-0.0002591264,-0.0002761037,-0.0002863477,-0.0002940728,-0.0002745939,-0.0002725854,-0.0002245178,-0.0002245178,-0.0002245178,-0.0001986798,-0.000197229,-0.0001843915,-0.0001820334,-0.0001820334,-0.0002135787,-0.0002698093,-0.0003802642,-0.0002571865,-0.0001006659
9437,18,"(198239.0, 303339.0]",0.0,0.0,0.0,-8.914008e-06,-8.562883e-05,-8.87382e-05,-8.901558e-05,-9.038349e-05,-9.134362e-05,-9.470479e-05,-9.738763e-05,-9.734848e-05,-9.644776e-05,-9.644776e-05,-9.644776e-05,-9.155652e-05,-9.120485e-05,-8.211561e-05,-6.93752e-05,-6.93752e-05,-7.469931e-05,-9.458015e-05,-0.0001025193,-7.393372e-05,-7.03395e-05,0.0,0.0,0.0,5.247389e-06,7.196006e-05,2.288999e-05,8.362234e-06,4.767259e-06,3.292971e-06,1.732639e-05,4.125279e-05,4.19671e-05,5.79671e-05,5.79671e-05,5.79671e-05,5.914483e-05,5.921951e-05,5.966062e-05,3.760733e-05,3.760733e-05,1.870308e-05,1.165758e-05,2.685396e-05,3.035658e-05,3.490349e-05,0.0,0.0,0.0,-1.556971e-05,-0.0001658724,-0.0002299236,-0.0002583951,-0.0002752599,-0.0002854356,-0.0002930817,-0.0002731871,-0.0002712609,-0.0002251627,-0.0002251627,-0.0002251627,-0.0002002028,-0.0001988272,-0.0001886976,-0.0001905925,-0.0001905925,-0.0002244394,-0.000284144,-0.0003989433,-0.0002830466,-0.0001047888
9437,18,"(303339.0, 504442.0]",0.0,0.0,0.0,-1.021275e-05,-9.891284e-05,-0.0001042266,-0.0001047835,-0.0001064228,-0.0001075509,-0.0001110984,-0.0001139084,-0.0001138323,-0.0001120827,-0.0001120827,-0.0001120827,-0.0001060852,-0.0001056618,-9.520894e-05,-8.147943e-05,-8.147943e-05,-8.899707e-05,-0.0001146968,-0.0001261323,-9.271553e-05,-8.590094e-05,0.0,0.0,0.0,4.169856e-06,5.276324e-05,9.686672e-07,-1.39407e-05,-1.760379e-05,-1.899655e-05,-2.250132e-06,2.570343e-05,2.680245e-05,5.141976e-05,5.141976e-05,5.141976e-05,5.916747e-05,5.966062e-05,6.687971e-05,4.434184e-05,4.434184e-05,2.257696e-05,1.335091e-05,2.750974e-05,3.915593e-05,4.00544e-05,0.0,0.0,0.0,-1.321467e-05,-0.0001449169,-0.0002113776,-0.0002404334,-0.0002550381,-0.0002638442,-0.000270008,-0.0002438517,-0.0002433055,-0.0002302347,-0.0002302347,-0.0002302347,-0.0002201593,-0.0002200395,-0.0002541167,-0.0003246092,-0.0003246092,-0.0003947317,-0.0005090033,-0.0006911507,-0.0006945508,-0.0001686595
