MAT,,,9437,9437,9437,9437,9437,9437,9437,9437,9437,9437,9437,9437,9437,9437,9437,9437,9437,9437,9437,9437,9437,9437,9437,9437,9437,9437,9437,9437,9437,9437,9437,9437,9437,9437,9437,9437,9437,9437,9437,9437,9437,9437,9437,9437,9437,9437,9437,9437,9437,9437,9437,9437,9437,9437,9437,9437,9437,9437,9437,9437,9437,9437,9437,9437,9437,9437,9437,9437,9437,9437,9437,9437,9437,9437,9437,9437,9437,9437,9437,9437,9437,9437,9437,9437,9437,9437,9437,9437,9437,9437,9437,9437,9437,9437,9437,9437,9437,9437,9437
MT,,,2,2,2,2,2,2,2,2,2,2,2,2,2,2,2,2,2,2,2,2,2,2,2,2,2,2,2,2,2,2,2,2,2,18,18,18,18,18,18,18,18,18,18,18,18,18,18,18,18,18,18,18,18,18,18,18,18,18,18,18,18,18,18,18,18,18,102,102,102,102,102,102,102,102,102,102,102,102,102,102,102,102,102,102,102,102,102,102,102,102,102,102,102,102,102,102,102,102,102
E,,,"(1e-05, 185.813]","(185.813, 504.442]","(504.442, 579.498]","(579.498, 771.881]","(771.881, 1271.8]","(1271.8, 1946.06]","(1946.06, 2235.62]","(2235.62, 9286.92]","(9286.92, 15021.3]","(15021.3, 16476.6]","(16476.6, 18928.2]","(18928.2, 23414.1]","(23414.1, 25211.9]","(25211.9, 27147.8]","(27147.8, 41540.7]","(41540.7, 68444.9]","(68444.9, 73700.4]","(73700.4, 112774.0]","(112774.0, 129554.0]","(129554.0, 139501.0]","(139501.0, 160258.0]","(160258.0, 182408.0]","(182408.0, 198239.0]","(198239.0, 303339.0]","(303339.0, 504442.0]","(504442.0, 623994.0]","(623994.0, 771881.0]","(771881.0, 886730.0]","(886730.0, 1807290.0]","(1807290.0, 3206450.0]","(3206450.0, 4270930.0]","(4270930.0, 6535230.0]","(6535230.0, 20000000.0]","(1e-05, 185.813]","(185.813, 504.442]","(504.442, 579.498]","(579.498, 771.881]","(771.881, 1271.8]","(1271.8, 1946.06]","(1946.06, 2235.62]","(2235.62, 9286.92]","(9286.92, 15021.3]","(15021.3, 16476.6]","(16476.6, 18928.2]","(18928.2, 23414.1]","(23414.1, 25211.9]","(25211.9, 27147.8]","(27147.8, 41540.7]","(41540.7, 68444.9]","(68444.9, 73700.4]","(73700.4, 112774.0]","(112774.0, 129554.0]","(129554.0, 139501.0]","(139501.0, 160258.0]","(160258.0, 182408.0]","(182408.0, 198239.0]","(198239.0, 303339.0]","(303339.0, 504442.0]","(504442.0, 623994.0]","(623994.0, 771881.0]","(771881.0, 886730.0]","(886730.0, 1807290.0]","(1807290.0, 3206450.0]","(3206450.0, 4270930.0]","(4270930.0, 6535230.0]","(6535230.0, 20000000.0]","(1e-05, 185.813]","(185.813, 504.442]","(504.442, 579.498]","(579.498, 771.881]","(771.881, 1271.8]","(1271.8, 1946.06]","(1946.06, 2235.62]","(2235.62, 9286.92]","(9286.92, 15021.3]","(15021.3, 16476.6]","(16476.6, 18928.2]","(18928.2, 23414.1]","(23414.1, 25211.9]","(25211.9, 27147.8]","(27147.8, 41540.7]","(41540.7, 68444.9]","(68444.9, 73700.4]","(73700.4, 112774.0]","(112774.0, 129554.0]","(129554.0, 139501.0]","(139501.0, 160258.0]","(160258.0, 182408.0]","(182408.0, 198239.0]","(198239.0, 303339.0]","(303339.0, 504442.0]","(504442.0, 623994.0]","(623994.0, 771881.0]","(771881.0, 886730.0]","(886730.0, 1807290.0]","(1807290.0, 3206450.0]","(3206450.0, 4270930.0]","(4270930.0, 6535230.0]","(6535230.0, 20000000.0]"
MAT,MT,E,,,,,,,,,,,,,,,,,,,,,,,,,,,,,,,,,,,,,,,,,,,,,,,,,,,,,,,,,,,,,,,,,,,,,,,,,,,,,,,,,,,,,,,,,,,,,,,,,,,
9437,2,"(1e-05, 185.813]",0.003480465,0.003501969,0.002474103,0.002290486,0.001186557,0.00208588,0.001205185,0.0001438096,0.0,0.0,0.0,0.0,0.0,0.0,0.0,0.0,0.0,0.0,0.0,0.0,0.0,0.0,0.0,0.0,0.0,0.0,0.0,0.0,0.0,0.0,0.0,0.0,0.0,0.0002033727,0.0002826472,0.0004384755,0.0004121084,0.0002899344,0.0003431486,0.0002317494,4.295587e-05,0.0,0.0,0.0,0.0,0.0,0.0,0.0,0.0,0.0,0.0,0.0,0.0,0.0,0.0,0.0,0.0,0.0,0.0,0.0,0.0,0.0,0.0,0.0,0.0,0.0,0.00363191,0.003476479,0.002748427,0.002615442,0.001798964,0.00316371,0.001935679,0.0003034822,0.0,0.0,0.0,0.0,0.0,0.0,0.0,0.0,0.0,0.0,0.0,0.0,0.0,0.0,0.0,0.0,0.0,0.0,0.0,0.0,0.0,0.0,0.0,0.0,0.0
9437,2,"(185.813, 504.442]",0.003501969,0.003608935,0.002626468,0.002432386,0.001265479,0.002215241,0.001275112,0.0001515011,0.0,0.0,0.0,0.0,0.0,0.0,0.0,0.0,0.0,0.0,0.0,0.0,0.0,0.0,0.0,0.0,0.0,0.0,0.0,0.0,0.0,0.0,0.0,0.0,0.0,0.0001473172,0.000226046,0.0003762477,0.0003475004,0.0002147799,0.0002797217,0.0002091572,4.141157e-05,0.0,0.0,0.0,0.0,0.0,0.0,0.0,0.0,0.0,0.0,0.0,0.0,0.0,0.0,0.0,0.0,0.0,0.0,0.0,0.0,0.0,0.0,0.0,0.0,0.0,0.003576588,0.003469173,0.002818483,0.002674704,0.001788217,0.003230994,0.001979234,0.000310652,0.0,0.0,0.0,0.0,0.0,0.0,0.0,0.0,0.0,0.0,0.0,0.0,0.0,0.0,0.0,0.0,0.0,0.0,0.0,0.0,0.0,0.0,0.0,0.0,0.0
9437,2,"(504.442, 579.498]",0.002474103,0.002626468,0.00217577,0.002019788,0.001084027,0.00187261,0.00106728,0.0001253643,0.0,0.0,0.0,0.0,0.0,0.0,0.0,0.0,0.0,0.0,0.0,0.0,0.0,0.0,0.0,0.0,0.0,0.0,0.0,0.0,0.0,0.0,0.0,0.0,0.0,0.000210967,0.000293476,0.000404801,0.0003877365,0.0003096402,0.000358047,0.000242495,4.503692e-05,0.0,0.0,0.0,0.0,0.0,0.0,0.0,0.0,0.0,0.0,0.0,0.0,0.0,0.0,0.0,0.0,0.0,0.0,0.0,0.0,0.0,0.0,0.0,0.0,0.0,0.002283105,0.002262464,0.00212649,0.002010777,0.001294237,0.00242821,0.001491803,0.000234765,0.0,0.0,0.0,0.0,0.0,0.0,0.0,0.0,0.0,0.0,0.0,0.0,0.0,0.0,0.0,0.0,0.0,0.0,0.0,0.0,0.0,0.0,0.0,0.0,0.0
9437,2,"(579.498, 771.881]",0.002290486,0.002432386,0.002019788,0.001883445,0.001065855,0.001759506,0.001000458,0.0001171913,0.0,0.0,0.0,0.0,0.0,0.0,0.0,0.0,0.0,0.0,0.0,0.0,0.0,0.0,0.0,0.0,0.0,0.0,0.0,0.0,0.0,0.0,0.0,0.0,0.0,0.000195584,0.0002698317,0.0003687355,0.0003539712,0.0002863122,0.0003269073,0.0002187988,4.029666e-05,0.0,0.0,0.0,0.0,0.0,0.0,0.0,0.0,0.0,0.0,0.0,0.0,0.0,0.0,0.0,0.0,0.0,0.0,0.0,0.0,0.0,0.0,0.0,0.0,0.0,0.00204411,0.002020921,0.001885743,0.001784303,0.001156209,0.002150848,0.001321658,0.0002080255,0.0,0.0,0.0,0.0,0.0,0.0,0.0,0.0,0.0,0.0,0.0,0.0,0.0,0.0,0.0,0.0,0.0,0.0,0.0,0.0,0.0,0.0,0.0,0.0,0.0
9437,2,"(771.881, 1271.8]",0.001186557,0.001265479,0.001084027,0.001065855,0.0009602629,0.00109386,0.0006068042,6.899093e-05,0.0,0.0,0.0,0.0,0.0,0.0,0.0,0.0,0.0,0.0,0.0,0.0,0.0,0.0,0.0,0.0,0.0,0.0,0.0,0.0,0.0,0.0,0.0,0.0,0.0,0.0001002835,0.0001244493,0.0001499825,0.0001486636,0.0001420849,0.0001380367,7.668073e-05,1.205298e-05,0.0,0.0,0.0,0.0,0.0,0.0,0.0,0.0,0.0,0.0,0.0,0.0,0.0,0.0,0.0,0.0,0.0,0.0,0.0,0.0,0.0,0.0,0.0,0.0,0.0,0.0006029546,0.0005659601,0.0004383652,0.0004226654,0.0003276636,0.0005009658,0.0003103769,4.921378e-05,0.0,0.0,0.0,0.0,0.0,0.0,0.0,0.0,0.0,0.0,0.0,0.0,0.0,0.0,0.0,0.0,0.0,0.0,0.0,0.0,0.0,0.0,0.0,0.0,0.0
9437,2,"(1271.8, 1946.06]",0.00208588,0.002215241,0.00187261,0.001759506,0.00109386,0.00182284,0.001032684,0.0001204447,0.0,0.0,0.0,0.0,0.0,0.0,0.0,0.0,0.0,0.0,0.0,0.0,0.0,0.0,0.0,0.0,0.0,0.0,0.0,0.0,0.0,0.0,0.0,0.0,0.0,0.0001412725,0.0002008656,0.000303177,0.0002859118,0.000207841,0.000270365,0.0001969633,3.838431e-05,0.0,0.0,0.0,0.0,0.0,0.0,0.0,0.0,0.0,0.0,0.0,0.0,0.0,0.0,0.0,0.0,0.0,0.0,0.0,0.0,0.0,0.0,0.0,0.0,0.0,0.001721201,0.001715119,0.00161777,0.001531295,0.001019505,0.00207469,0.001285867,0.0002039563,0.0,0.0,0.0,0.0,0.0,0.0,0.0,0.0,0.0,0.0,0.0,0.0,0.0,0.0,0.0,0.0,0.0,0.0,0.0,0.0,0.0,0.0,0.0,0.0,0.0
9437,2,"(1946.06, 2235.62]",0.001205185,0.001275112,0.00106728,0.001000458,0.0006068042,0.001032684,0.0006373706,0.0001641121,9.988722e-05,0.0001008682,0.0001008771,0.0001008771,0.000101478,0.0001034299,0.0001035864,0.0001069191,0.0001095205,0.0001094456,0.0001077228,0.0001077228,0.0001077228,0.0001077228,0.0001017736,0.0001013523,9.090319e-05,7.808731e-05,7.808731e-05,8.580876e-05,0.0001112753,0.0001226817,9.809076e-05,8.291256e-05,8.351045e-05,8.882166e-05,0.000124549,0.0001818175,0.0001723606,0.000129711,0.0001655815,9.296024e-05,-1.070369e-05,8.402965e-06,2.79792e-05,2.815762e-05,2.815762e-05,2.927662e-05,3.290616e-05,3.219773e-05,1.621389e-05,-1.043367e-05,-1.146476e-05,-3.456057e-05,-3.456057e-05,-3.456057e-05,-3.456057e-05,-4.178715e-05,-4.22385e-05,-4.839251e-05,-2.946871e-05,-2.946871e-05,-1.022774e-05,-3.171685e-06,-1.707403e-05,-2.550585e-05,-2.905083e-05,-2.451929e-05,0.001028602,0.001021259,0.0009571466,0.0009068813,0.0006102464,0.001231081,0.0008282653,0.0002514224,0.0001825785,0.0002199971,0.0002203586,0.0002203586,0.000225775,0.0002433195,0.0002436289,0.0002502304,0.000227428,0.000226668,0.000208478,0.000208478,0.000208478,0.000208478,0.000195892,0.0001955153,0.0002183275,0.000275354,0.000275354,0.0003382564,0.0004399288,0.000601572,0.0006069114,0.0004829218,0.0001244016
9437,2,"(2235.62, 9286.92]",0.0001438096,0.0001515011,0.0001253643,0.0001171913,6.899093e-05,0.0001204447,0.0001641121,0.0002020554,0.0002054635,0.0002075276,0.0002075464,0.0002075464,0.0002087765,0.0002127722,0.0002130922,0.0002199084,0.0002252276,0.0002250713,0.0002214761,0.0002214761,0.0002214761,0.0002214761,0.0002091986,0.0002083302,0.0001868622,0.0001606224,0.0001606224,0.0001766586,0.0002292858,0.0002529679,0.0002023992,0.0001711676,0.0001720876,1.15741e-05,1.601288e-05,2.259641e-05,2.153825e-05,1.67822e-05,2.102795e-05,-3.876103e-05,-6.365978e-05,2.023242e-05,6.015179e-05,6.051562e-05,6.051562e-05,6.279174e-05,7.017452e-05,6.871593e-05,3.580952e-05,-1.898436e-05,-2.112979e-05,-6.918596e-05,-6.918596e-05,-6.918596e-05,-6.918596e-05,-8.466175e-05,-8.562883e-05,-9.891284e-05,-6.036173e-05,-6.036173e-05,-2.086598e-05,-6.306584e-06,-3.456218e-05,-5.240454e-05,-6.000611e-05,-5.006139e-05,0.0001273634,0.0001259682,0.0001172519,0.000111213,7.569059e-05,0.0001512856,0.0002106077,0.0002735831,0.0003698278,0.0004462118,0.0004469497,0.0004469497,0.0004579143,0.0004934303,0.0004940564,0.0005073827,0.0004601852,0.0004587821,0.0004252017,0.0004252017,0.0004252017,0.0004252017,0.0004011384,0.0004005032,0.00045159,0.0005752683,0.0005752683,0.0007074713,0.0009207977,0.00125766,0.00127827,0.001026158,0.0002577075
9437,2,"(9286.92, 15021.3]",0.0,0.0,0.0,0.0,0.0,0.0,9.988722e-05,0.0002054635,0.000218346,0.0002205975,0.000220618,0.000220618,0.0002219268,0.000226178,0.000226515,0.0002336908,0.000239263,0.0002390907,0.000235127,0.000235127,0.000235127,0.000235127,0.0002220166,0.0002210911,0.0001983264,0.000170693,0.000170693,0.0001879918,0.0002444038,0.0002699905,0.0002162815,0.0001830977,0.0001834747,0.0,0.0,0.0,0.0,0.0,0.0,-5.357602e-05,-6.406913e-05,2.72365e-05,6.898094e-05,6.93614e-05,6.93614e-05,7.173241e-05,7.9423e-05,7.786998e-05,4.283934e-05,-1.53577e-05,-1.768696e-05,-6.98608e-05,-6.98608e-05,-6.98608e-05,-6.98608e-05,-8.750615e-05,-8.860995e-05,-0.0001039691,-6.37415e-05,-6.37415e-05,-2.192015e-05,-6.340668e-06,-3.567797e-05,-5.562713e-05,-6.432863e-05,-5.256622e-05,0.0,0.0,0.0,0.0,0.0,0.0,0.0001168447,0.0002641737,0.000381592,0.0004616388,0.000462412,0.000462412,0.0004736997,0.000510262,0.0005109068,0.0005245595,0.00047389,0.0004727226,0.000444784,0.000444784,0.000444784,0.000444784,0.0004227916,0.0004223941,0.0004851747,0.000629386,0.000629386,0.000775598,0.001010561,0.001377178,0.001418371,0.001156131,0.000277499
9437,2,"(15021.3, 16476.6]",0.0,0.0,0.0,0.0,0.0,0.0,0.0001008682,0.0002075276,0.0002205975,0.0002229158,0.0002229369,0.0002229369,0.0002242594,0.0002285554,0.0002288947,0.0002361221,0.0002417296,0.0002415555,0.0002375509,0.0002375509,0.0002375509,0.0002375509,0.0002242848,0.0002233486,0.0002003331,0.0001724708,0.0001724708,0.000190006,0.0002471126,0.0002730571,0.0002187824,0.0001852451,0.0001855198,0.0,0.0,0.0,0.0,0.0,0.0,-5.333499e-05,-6.33137e-05,2.871733e-05,7.077376e-05,7.115706e-05,7.115706e-05,7.354022e-05,8.127019e-05,7.970038e-05,4.429236e-05,-1.449961e-05,-1.686372e-05,-6.981839e-05,-6.981839e-05,-6.981839e-05,-6.981839e-05,-8.788175e-05,-8.901192e-05,-0.0001047761,-6.429734e-05,-6.429734e-05,-2.207566e-05,-6.316293e-06,-3.581943e-05,-5.618087e-05,-6.510224e-05,-5.296466e-05,0.0,0.0,0.0,0.0,0.0,0.0,0.0001170391,0.0002648436,0.0003832053,0.0004638488,0.0004646278,0.0004646278,0.0004759637,0.000512682,0.0005133295,0.000527027,0.0004757887,0.0004746713,0.0004479294,0.0004479294,0.0004479294,0.0004479294,0.0004264239,0.0004260781,0.0004912403,0.0006395277,0.0006395277,0.0007884437,0.001027498,0.001399653,0.001445288,0.001181507,0.0002811216
9437,2,"(16476.6, 18928.2]",0.0,0.0,0.0,0.0,0.0,0.0,0.0001008771,0.0002075464,0.000220618,0.0002229369,0.000222958,0.000222958,0.0002242807,0.000228577,0.0002289164,0.0002361442,0.000241752,0.0002415779,0.000237573,0.000237573,0.000237573,0.000237573,0.0002243054,0.0002233691,0.0002003514,0.000172487,0.000172487,0.0001900243,0.0002471372,0.000273085,0.0002188051,0.0001852647,0.0001855384,0.0,0.0,0.0,0.0,0.0,0.0,-5.33328e-05,-6.330683e-05,2.87308e-05,7.079007e-05,7.11734e-05,7.11734e-05,7.355667e-05,8.1287e-05,7.971704e-05,4.430558e-05,-1.44918e-05,-1.685623e-05,-6.9818e-05,-6.9818e-05,-6.9818e-05,-6.9818e-05,-8.788516e-05,-8.901558e-05,-0.0001047835,-6.43024e-05,-6.43024e-05,-2.207707e-05,-6.316071e-06,-3.582072e-05,-5.618591e-05,-6.510928e-05,-5.296829e-05,0.0,0.0,0.0,0.0,0.0,0.0,0.0001170409,0.0002648497,0.00038322,0.000463869,0.000464648,0.000464648,0.0004759843,0.000512704,0.0005133516,0.0005270494,0.000475806,0.0004746891,0.000447958,0.000447958,0.000447958,0.000447958,0.0004264569,0.0004261116,0.0004912955,0.00063962,0.00063962,0.0007885605,0.001027652,0.001399857,0.001445533,0.001181738,0.0002811545
9437,2,"(18928.2, 23414.1]",0.0,0.0,0.0,0.0,0.0,0.0,0.0001008771,0.0002075464,0.000220618,0.0002229369,0.000222958,0.000222958,0.0002242807,0.000228577,0.0002289164,0.0002361442,0.000241752,0.0002415779,0.000237573,0.000237573,0.000237573,0.000237573,0.0002243054,0.0002233691,0.0002003514,0.000172487,0.000172487,0.0001900243,0.0002471372,0.000273085,0.0002188051,0.0001852647,0.0001855384,0.0,0.0,0.0,0.0,0.0,0.0,-5.33328e-05,-6.330683e-05,2.87308e-05,7.079007e-05,7.11734e-05,7.11734e-05,7.355667e-05,8.1287e-05,7.971704e-05,4.430558e-05,-1.44918e-05,-1.685623e-05,-6.9818e-05,-6.9818e-05,-6.9818e-05,-6.9818e-05,-8.788516e-05,-8.901558e-05,-0.0001047835,-6.43024e-05,-6.43024e-05,-2.207707e-05,-6.316071e-06,-3.582072e-05,-5.618591e-05,-6.510928e-05,-5.296829e-05,0.0,0.0,0.0,0.0,0.0,0.0,0.0001170409,0.0002648497,0.00038322,0.000463869,0.000464648,0.000464648,0.0004759843,0.000512704,0.0005133516,0.0005270494,0.000475806,0.0004746891,0.000447958,0.000447958,0.000447958,0.000447958,0.0004264569,0.0004261116,0.0004912955,0.00063962,0.00063962,0.0007885605,0.001027652,0.001399857,0.001445533,0.001181738,0.0002811545
9437,2,"(23414.1, 25211.9]",0.0,0.0,0.0,0.0,0.0,0.0,0.000101478,0.0002087765,0.0002219268,0.0002242594,0.0002242807,0.0002242807,0.0002256137,0.0002299439,0.0002302848,0.0002375454,0.0002431919,0.0002430165,0.0002389823,0.0002389823,0.0002389823,0.0002389823,0.000225636,0.0002246942,0.00020154,0.00017351,0.00017351,0.0001911543,0.0002486092,0.0002747161,0.0002201138,0.0001863728,0.0001866415,0.0,0.0,0.0,0.0,0.0,0.0,-5.362664e-05,-6.363867e-05,2.894103e-05,7.124357e-05,7.162912e-05,7.162912e-05,7.402578e-05,8.179956e-05,8.022024e-05,4.459783e-05,-1.454825e-05,-1.692693e-05,-7.02079e-05,-7.02079e-05,-7.02079e-05,-7.02079e-05,-8.83889e-05,-8.952646e-05,-0.0001053957,-6.467935e-05,-6.467935e-05,-2.220469e-05,-6.350831e-06,-3.602659e-05,-5.651876e-05,-6.549906e-05,-5.327774e-05,0.0,0.0,0.0,0.0,0.0,0.0,0.0001177011,0.0002663591,0.0003854204,0.0004665492,0.0004673329,0.0004673329,0.0004787345,0.0005156659,0.0005163166,0.0005300779,0.0004785344,0.0004774127,0.0004505678,0.0004505678,0.0004505678,0.0004505678,0.0004289643,0.0004286187,0.0004942365,0.0006435131,0.0006435131,0.000793362,0.001033925,0.001408395,0.001454435,0.001189107,0.0002828459
9437,2,"(25211.9, 27147.8]",0.0,0.0,0.0,0.0,0.0,0.0,0.0001034299,0.0002127722,0.000226178,0.0002285554,0.000228577,0.000228577,0.0002299439,0.000234384,0.0002347298,0.0002420968,0.000247869,0.0002476895,0.00024356,0.00024356,0.00024356,0.00024356,0.0002299582,0.0002289983,0.0002054011,0.000176833,0.000176833,0.0001948248,0.0002533906,0.0002800145,0.0002243648,0.0001899724,0.0001902248,0.0,0.0,0.0,0.0,0.0,0.0,-5.458114e-05,-6.471659e-05,2.96239e-05,7.271665e-05,7.31094e-05,7.31094e-05,7.554958e-05,8.34645e-05,8.185479e-05,4.554711e-05,-1.47316e-05,-1.715657e-05,-7.14744e-05,-7.14744e-05,-7.14744e-05,-7.14744e-05,-9.002519e-05,-9.118594e-05,-0.0001073844,-6.59038e-05,-6.59038e-05,-2.261921e-05,-6.463742e-06,-3.669532e-05,-5.759997e-05,-6.676516e-05,-5.428294e-05,0.0,0.0,0.0,0.0,0.0,0.0,0.0001198457,0.0002712621,0.000392568,0.0004752553,0.000476054,0.000476054,0.0004876679,0.000525287,0.0005259477,0.000539915,0.000487397,0.0004862598,0.000459045,0.000459045,0.000459045,0.000459045,0.0004371088,0.0004367624,0.0005037896,0.000656159,0.000656159,0.0008089585,0.0010543,0.001436127,0.00148335,0.001213044,0.0002883397
9437,2,"(27147.8, 41540.7]",0.0,0.0,0.0,0.0,0.0,0.0,0.0001035864,0.0002130922,0.000226515,0.0002288947,0.0002289164,0.0002289164,0.0002302848,0.0002347298,0.0002350764,0.0002424586,0.0002482383,0.0002480586,0.0002439252,0.0002439252,0.0002439252,0.0002439252,0.0002303029,0.0002293416,0.000205709,0.0001770965,0.0001770965,0.0001951122,0.0002537599,0.0002804181,0.0002246851,0.0001902418,0.0001905019,0.0,0.0,0.0,0.0,0.0,0.0,-5.470242e-05,-6.488428e-05,2.960807e-05,7.277229e-05,7.316569e-05,7.316569e-05,7.560994e-05,8.353807e-05,8.192597e-05,4.55644e-05,-1.480433e-05,-1.723233e-05,-7.161795e-05,-7.161795e-05,-7.161795e-05,-7.161795e-05,-9.018206e-05,-9.134362e-05,-0.0001075509,-6.600125e-05,-6.600125e-05,-2.265171e-05,-6.474591e-06,-3.67595e-05,-5.768328e-05,-6.685401e-05,-5.43661e-05,0.0,0.0,0.0,0.0,0.0,0.0,0.0001200797,0.0002717787,0.0003932841,0.0004761059,0.0004769059,0.0004769059,0.000488541,0.0005262284,0.0005268905,0.000540887,0.0004882951,0.0004871525,0.0004598071,0.0004598071,0.0004598071,0.0004598071,0.0004377941,0.0004374438,0.0005044635,0.0006569055,0.0006569055,0.000809864,0.001055469,0.001437758,0.001484811,0.00121403,0.0002887225
9437,2,"(41540.7, 68444.9]",0.0,0.0,0.0,0.0,0.0,0.0,0.0001069191,0.0002199084,0.0002336908,0.0002361221,0.0002361442,0.0002361442,0.0002375454,0.0002420968,0.0002424586,0.0002501611,0.0002561053,0.0002559219,0.000251703,0.000251703,0.000251703,0.000251703,0.0002376467,0.0002366547,0.0002122668,0.000182707,0.000182707,0.0002012327,0.0002616253,0.0002890124,0.0002315066,0.0001959787,0.0001964019,0.0,0.0,0.0,0.0,0.0,0.0,-5.729021e-05,-6.846353e-05,2.926331e-05,7.39508e-05,7.435808e-05,7.435808e-05,7.688905e-05,8.509844e-05,8.343552e-05,4.592706e-05,-1.635947e-05,-1.885185e-05,-7.467941e-05,-7.467941e-05,-7.467941e-05,-7.467941e-05,-9.352597e-05,-9.470479e-05,-0.0001110984,-6.807807e-05,-6.807807e-05,-2.334464e-05,-6.706439e-06,-3.812789e-05,-5.945814e-05,-6.874622e-05,-5.613817e-05,0.0,0.0,0.0,0.0,0.0,0.0,0.0001250717,0.000282792,0.0004085444,0.0004942339,0.0004950616,0.0004950616,0.0005071479,0.0005462968,0.0005469872,0.000561607,0.0005074427,0.0005061833,0.0004760424,0.0004760424,0.0004760424,0.0004760424,0.0004523935,0.0004519586,0.0005188134,0.0006727818,0.0006727818,0.0008291167,0.001080333,0.001472457,0.001515874,0.00123498,0.0002968713
9437,2,"(68444.9, 73700.4]",0.0,0.0,0.0,0.0,0.0,0.0,0.0001095205,0.0002252276,0.000239263,0.0002417296,0.000241752,0.000241752,0.0002431919,0.000247869,0.0002482383,0.0002561053,0.000262287,0.0002620982,0.000257754,0.000257754,0.000257754,0.000257754,0.0002433818,0.000242367,0.0002173891,0.000187064,0.000187064,0.000205971,0.0002677052,0.0002956639,0.0002367871,0.0002004124,0.0002009566,0.0,0.0,0.0,0.0,0.0,0.0,-5.94159e-05,-7.143962e-05,2.88128e-05,7.471356e-05,7.51319e-05,7.51319e-05,7.772954e-05,8.61552e-05,8.445388e-05,4.607637e-05,-1.77181e-05,-2.025862e-05,-7.71645e-05,-7.71645e-05,-7.71645e-05,-7.71645e-05,-9.619729e-05,-9.738763e-05,-0.0001139084,-6.97255e-05,-6.97255e-05,-2.390543e-05,-6.905517e-06,-3.922859e-05,-6.085326e-05,-7.021879e-05,-5.75389e-05,0.0,0.0,0.0,0.0,0.0,0.0,0.0001291406,0.0002916174,0.000420655,0.0005086183,0.000509468,0.000509468,0.000521943,0.000562351,0.0005630621,0.0005781372,0.000522847,0.0005214814,0.0004888,0.0004888,0.0004888,0.0004888,0.0004638082,0.0004633023,0.0005298854,0.000684577,0.000684577,0.0008433456,0.001098711,0.001498284,0.001538549,0.001249805,0.0003031375
9437,2,"(73700.4, 112774.0]",0.0,0.0,0.0,0.0,0.0,0.0,0.0001094456,0.0002250713,0.0002390907,0.0002415555,0.0002415779,0.0002415779,0.0002430165,0.0002476895,0.0002480586,0.0002559219,0.0002620982,0.0002619098,0.0002575748,0.0002575748,0.0002575748,0.0002575748,0.0002432125,0.0002421984,0.0002172369,0.0001869293,0.0001869293,0.0002058181,0.0002674988,0.0002954294,0.0002365943,0.0002002456,0.0002008007,0.0,0.0,0.0,0.0,0.0,0.0,-5.943741e-05,-7.150219e-05,2.869687e-05,7.457542e-05,7.499356e-05,7.499356e-05,7.759018e-05,8.601256e-05,8.431253e-05,4.596397e-05,-1.778471e-05,-2.032242e-05,-7.716561e-05,-7.716561e-05,-7.716561e-05,-7.716561e-05,-9.616053e-05,-9.734848e-05,-0.0001138323,-6.967058e-05,-6.967058e-05,-2.388302e-05,-6.90017e-06,-3.921416e-05,-6.080309e-05,-7.014769e-05,-5.749625e-05,0.0,0.0,0.0,0.0,0.0,0.0,0.0001291408,0.0002915949,0.0004205667,0.000508491,0.0005093404,0.0005093404,0.0005218134,0.0005622151,0.0005629262,0.0005780025,0.0005227629,0.0005213917,0.0004885743,0.0004885743,0.0004885743,0.0004885743,0.0004635244,0.000463013,0.0005293665,0.000683675,0.000683675,0.0008422128,0.001097223,0.001496321,0.001536144,0.001247491,0.0003028384
9437,2,"(112774.0, 129554.0]",0.0,0.0,0.0,0.0,0.0,0.0,0.0001077228,0.0002214761,0.000235127,0.0002375509,0.000237573,0.000237573,0.0002389823,0.00024356,0.0002439252,0.000251703,0.000257754,0.0002575748,0.000253451,0.000253451,0.000253451,0.000253451,0.0002393187,0.0002383207,0.0002137357,0.00018383,0.00018383,0.0002022995,0.0002627506,0.0002900324,0.0002321578,0.0001964068,0.0001972153,0.0,0.0,0.0,0.0,0.0,0.0,-5.993234e-05,-7.294164e-05,2.60298e-05,7.139732e-05,7.18108e-05,7.18108e-05,7.438412e-05,8.27309e-05,8.106051e-05,4.337816e-05,-1.93171e-05,-2.179042e-05,-7.71912e-05,-7.71912e-05,-7.71912e-05,-7.71912e-05,-9.531484e-05,-9.644776e-05,-0.0001120827,-6.84071e-05,-6.84071e-05,-2.336759e-05,-6.777159e-06,-3.88821e-05,-5.964885e-05,-6.851176e-05,-5.651489e-05,0.0,0.0,0.0,0.0,0.0,0.0,0.0001291456,0.0002910779,0.000418535,0.0005055633,0.000506404,0.000506404,0.0005188323,0.000559089,0.0005597995,0.0005749026,0.000520828,0.0005193261,0.000483382,0.000483382,0.000483382,0.000483382,0.0004569943,0.0004563552,0.0005174283,0.000662922,0.000662922,0.0008161503,0.001062986,0.001451145,0.001480809,0.001194246,0.000295957
9437,2,"(129554.0, 139501.0]",0.0,0.0,0.0,0.0,0.0,0.0,0.0001077228,0.0002214761,0.000235127,0.0002375509,0.000237573,0.000237573,0.0002389823,0.00024356,0.0002439252,0.000251703,0.000257754,0.0002575748,0.000253451,0.000253451,0.000253451,0.000253451,0.0002393187,0.0002383207,0.0002137357,0.00018383,0.00018383,0.0002022995,0.0002627506,0.0002900324,0.0002321578,0.0001964068,0.0001972153,0.0,0.0,0.0,0.0,0.0,0.0,-5.993234e-05,-7.294164e-05,2.60298e-05,7.139732e-05,7.18108e-05,7.18108e-05,7.438412e-05,8.27309e-05,8.106051e-05,4.337816e-05,-1.93171e-05,-2.179042e-05,-7.71912e-05,-7.71912e-05,-7.71912e-05,-7.71912e-05,-9.531484e-05,-9.644776e-05,-0.0001120827,-6.84071e-05,-6.84071e-05,-2.336759e-05,-6.777159e-06,-3.88821e-05,-5.964885e-05,-6.851176e-05,-5.651489e-05,0.0,0.0,0.0,0.0,0.0,0.0,0.0001291456,0.0002910779,0.000418535,0.0005055633,0.000506404,0.000506404,0.0005188323,0.000559089,0.0005597995,0.0005749026,0.000520828,0.0005193261,0.000483382,0.000483382,0.000483382,0.000483382,0.0004569943,0.0004563552,0.0005174283,0.000662922,0.000662922,0.0008161503,0.001062986,0.001451145,0.001480809,0.001194246,0.000295957
9437,2,"(139501.0, 160258.0]",0.0,0.0,0.0,0.0,0.0,0.0,0.0001077228,0.0002214761,0.000235127,0.0002375509,0.000237573,0.000237573,0.0002389823,0.00024356,0.0002439252,0.000251703,0.000257754,0.0002575748,0.000253451,0.000253451,0.000253451,0.000253451,0.0002393187,0.0002383207,0.0002137357,0.00018383,0.00018383,0.0002022995,0.0002627506,0.0002900324,0.0002321578,0.0001964068,0.0001972153,0.0,0.0,0.0,0.0,0.0,0.0,-5.993234e-05,-7.294164e-05,2.60298e-05,7.139732e-05,7.18108e-05,7.18108e-05,7.438412e-05,8.27309e-05,8.106051e-05,4.337816e-05,-1.93171e-05,-2.179042e-05,-7.71912e-05,-7.71912e-05,-7.71912e-05,-7.71912e-05,-9.531484e-05,-9.644776e-05,-0.0001120827,-6.84071e-05,-6.84071e-05,-2.336759e-05,-6.777159e-06,-3.88821e-05,-5.964885e-05,-6.851176e-05,-5.651489e-05,0.0,0.0,0.0,0.0,0.0,0.0,0.0001291456,0.0002910779,0.000418535,0.0005055633,0.000506404,0.000506404,0.0005188323,0.000559089,0.0005597995,0.0005749026,0.000520828,0.0005193261,0.000483382,0.000483382,0.000483382,0.000483382,0.0004569943,0.0004563552,0.0005174283,0.000662922,0.000662922,0.0008161503,0.001062986,0.001451145,0.001480809,0.001194246,0.000295957
9437,2,"(160258.0, 182408.0]",0.0,0.0,0.0,0.0,0.0,0.0,0.0001077228,0.0002214761,0.000235127,0.0002375509,0.000237573,0.000237573,0.0002389823,0.00024356,0.0002439252,0.000251703,0.000257754,0.0002575748,0.000253451,0.000253451,0.000253451,0.000253451,0.0002393187,0.0002383207,0.0002137357,0.00018383,0.00018383,0.0002022995,0.0002627506,0.0002900324,0.0002321578,0.0001964068,0.0001972153,0.0,0.0,0.0,0.0,0.0,0.0,-5.993234e-05,-7.294164e-05,2.60298e-05,7.139732e-05,7.18108e-05,7.18108e-05,7.438412e-05,8.27309e-05,8.106051e-05,4.337816e-05,-1.93171e-05,-2.179042e-05,-7.71912e-05,-7.71912e-05,-7.71912e-05,-7.71912e-05,-9.531484e-05,-9.644776e-05,-0.0001120827,-6.84071e-05,-6.84071e-05,-2.336759e-05,-6.777159e-06,-3.88821e-05,-5.964885e-05,-6.851176e-05,-5.651489e-05,0.0,0.0,0.0,0.0,0.0,0.0,0.0001291456,0.0002910779,0.000418535,0.0005055633,0.000506404,0.000506404,0.0005188323,0.000559089,0.0005597995,0.0005749026,0.000520828,0.0005193261,0.000483382,0.000483382,0.000483382,0.000483382,0.0004569943,0.0004563552,0.0005174283,0.000662922,0.000662922,0.0008161503,0.001062986,0.001451145,0.001480809,0.001194246,0.000295957
9437,2,"(182408.0, 198239.0]",0.0,0.0,0.0,0.0,0.0,0.0,0.0001017736,0.0002091986,0.0002220166,0.0002242848,0.0002243054,0.0002243054,0.000225636,0.0002299582,0.0002303029,0.0002376467,0.0002433818,0.0002432125,0.0002393187,0.0002393187,0.0002393187,0.0002393187,0.0002260562,0.0002251175,0.0002018748,0.0001735803,0.0001735803,0.0001909759,0.0002479649,0.0002736214,0.000218962,0.0001852073,0.0001861006,0.0,0.0,0.0,0.0,0.0,0.0,-5.734061e-05,-7.020153e-05,2.345609e-05,6.642036e-05,6.681194e-05,6.681194e-05,6.925104e-05,7.716246e-05,7.558544e-05,4.000861e-05,-1.920187e-05,-2.152704e-05,-7.360928e-05,-7.360928e-05,-7.360928e-05,-7.360928e-05,-9.050089e-05,-9.155652e-05,-0.0001060852,-6.4709e-05,-6.4709e-05,-2.215438e-05,-6.512436e-06,-3.695842e-05,-5.636832e-05,-6.460849e-05,-5.350354e-05,0.0,0.0,0.0,0.0,0.0,0.0,0.0001229541,0.0002768158,0.0003974099,0.0004798062,0.0004806021,0.0004806021,0.0004924164,0.0005306845,0.0005313592,0.0005457132,0.000494689,0.0004932099,0.0004578096,0.0004578096,0.0004578096,0.0004578096,0.0004321728,0.0004315142,0.0004875409,0.0006225317,0.0006225317,0.0007660827,0.0009975206,0.001362272,0.001386454,0.001114766,0.000278721
9437,2,"(198239.0, 303339.0]",0.0,0.0,0.0,0.0,0.0,0.0,0.0001013523,0.0002083302,0.0002210911,0.0002233486,0.0002233691,0.0002233691,0.0002246942,0.0002289983,0.0002293416,0.0002366547,0.000242367,0.0002421984,0.0002383207,0.0002383207,0.0002383207,0.0002383207,0.0002251175,0.000224183,0.0002010366,0.0001728568,0.0001728568,0.0001901774,0.0002469239,0.0002724684,0.0002180363,0.0001844224,0.0001853185,0.0,0.0,0.0,0.0,0.0,0.0,-5.714199e-05,-6.998084e-05,2.329675e-05,6.608859e-05,6.64786e-05,6.64786e-05,6.890806e-05,7.67882e-05,7.521777e-05,3.978958e-05,-1.917466e-05,-2.148964e-05,-7.334377e-05,-7.334377e-05,-7.334377e-05,-7.334377e-05,-9.01543e-05,-9.120485e-05,-0.0001056618,-6.445057e-05,-6.445057e-05,-2.207138e-05,-6.495034e-06,-3.68204e-05,-5.613967e-05,-6.433952e-05,-5.329285e-05,0.0,0.0,0.0,0.0,0.0,0.0,0.0001224933,0.0002757633,0.0003958664,0.0004779296,0.0004787223,0.0004787223,0.0004904912,0.0005286123,0.0005292844,0.0005435826,0.000492772,0.0004912961,0.000455974,0.000455974,0.000455974,0.000455974,0.0004304099,0.0004297515,0.0004854676,0.000619783,0.000619783,0.0007626811,0.0009930764,0.001356225,0.001380125,0.001109515,0.0002775249
9437,2,"(303339.0, 504442.0]",0.0,0.0,0.0,0.0,0.0,0.0,9.090319e-05,0.0001868622,0.0001983264,0.0002003331,0.0002003514,0.0002003514,0.00020154,0.0002054011,0.000205709,0.0002122668,0.0002173891,0.0002172369,0.0002137357,0.0002137357,0.0002137357,0.0002137357,0.0002018748,0.0002010366,0.0001803489,0.0001550596,0.0001550596,0.0001705913,0.0002214926,0.0002444464,0.0001956296,0.0001654742,0.0001662421,0.0,0.0,0.0,0.0,0.0,0.0,-5.124274e-05,-6.278502e-05,2.082999e-05,5.920115e-05,5.955086e-05,5.955086e-05,6.173199e-05,6.880665e-05,6.739828e-05,3.562574e-05,-1.726528e-05,-1.934701e-05,-6.59762e-05,-6.59762e-05,-6.59762e-05,-6.59762e-05,-8.116606e-05,-8.211561e-05,-9.520894e-05,-5.823272e-05,-5.823272e-05,-2.017414e-05,-6.130923e-06,-3.326694e-05,-5.068212e-05,-5.811841e-05,-4.820007e-05,0.0,0.0,0.0,0.0,0.0,0.0,0.0001096385,0.0002469419,0.0003545515,0.0004280332,0.000428743,0.000428743,0.0004392677,0.0004733587,0.000473958,0.0004866977,0.0004410343,0.0004397436,0.0004088535,0.0004088535,0.0004088535,0.0004088535,0.0003863259,0.0003857668,0.0004367177,0.0005585829,0.0005585829,0.0006873376,0.000894876,0.001221698,0.001245267,0.00100298,0.0002493933
9437,2,"(504442.0, 623994.0]",0.0,0.0,0.0,0.0,0.0,0.0,7.808731e-05,0.0001606224,0.000170693,0.0001724708,0.000172487,0.000172487,0.00017351,0.000176833,0.0001770965,0.000182707,0.000187064,0.0001869293,0.00018383,0.00018383,0.00018383,0.00018383,0.0001735803,0.0001728568,0.0001550596,0.000133494,0.000133494,0.0001470135,0.0001911214,0.0002111449,0.0001691472,0.0001431951,0.0001434695,0.0,0.0,0.0,0.0,0.0,0.0,-4.180261e-05,-4.993659e-05,2.13991e-05,5.402772e-05,5.43251e-05,5.43251e-05,5.617375e-05,6.217e-05,6.095578e-05,3.356658e-05,-1.19509e-05,-1.377542e-05,-5.46434e-05,-5.46434e-05,-5.46434e-05,-5.46434e-05,-6.850756e-05,-6.93752e-05,-8.147943e-05,-5.01184e-05,-5.01184e-05,-1.744355e-05,-5.267913e-06,-2.816457e-05,-4.380147e-05,-5.062015e-05,-4.131513e-05,0.0,0.0,0.0,0.0,0.0,0.0,9.118517e-05,0.0002061769,0.00029792,0.0003604322,0.000361036,0.000361036,0.0003698479,0.000398391,0.0003988944,0.0004095511,0.00036996,0.00036906,0.00034752,0.00034752,0.00034752,0.00034752,0.000330477,0.000330179,0.0003797069,0.000492992,0.000492992,0.0006076418,0.0007918171,0.001078922,0.001111896,0.0009069795,0.0002170881
9437,2,"(623994.0, 771881.0]",0.0,0.0,0.0,0.0,0.0,0.0,7.808731e-05,0.0001606224,0.000170693,0.0001724708,0.000172487,0.000172487,0.00017351,0.000176833,0.0001770965,0.000182707,0.000187064,0.0001869293,0.00018383,0.00018383,0.00018383,0.00018383,0.0001735803,0.0001728568,0.0001550596,0.000133494,0.000133494,0.0001470135,0.0001911214,0.0002111449,0.0001691472,0.0001431951,0.0001434695,0.0,0.0,0.0,0.0,0.0,0.0,-4.180261e-05,-4.993659e-05,2.13991e-05,5.402772e-05,5.43251e-05,5.43251e-05,5.617375e-05,6.217e-05,6.095578e-05,3.356658e-05,-1.19509e-05,-1.377542e-05,-5.46434e-05,-5.46434e-05,-5.46434e-05,-5.46434e-05,-6.850756e-05,-6.93752e-05,-8.147943e-05,-5.01184e-05,-5.01184e-05,-1.744355e-05,-5.267913e-06,-2.816457e-05,-4.380147e-05,-5.062015e-05,-4.131513e-05,0.0,0.0,0.0,0.0,0.0,0.0,9.118517e-05,0.0002061769,0.00029792,0.0003604322,0.000361036,0.000361036,0.0003698479,0.000398391,0.0003988944,0.0004095511,0.00036996,0.00036906,0.00034752,0.00034752,0.00034752,0.00034752,0.000330477,0.000330179,0.0003797069,0.000492992,0.000492992,0.0006076418,0.0007918171,0.001078922,0.001111896,0.0009069795,0.0002170881
9437,2,"(771881.0, 886730.0]",0.0,0.0,0.0,0.0,0.0,0.0,8.580876e-05,0.0001766586,0.0001879918,0.000190006,0.0001900243,0.0001900243,0.0001911543,0.0001948248,0.0001951122,0.0002012327,0.000205971,0.0002058181,0.0002022995,0.0002022995,0.0002022995,0.0002022995,0.0001909759,0.0001901774,0.0001705913,0.0001470135,0.0001470135,0.0001621294,0.0002110944,0.0002334615,0.0001872255,0.0001586452,0.0001584883,0.0,0.0,0.0,0.0,0.0,0.0,-4.320144e-05,-4.995051e-05,2.786621e-05,6.330263e-05,6.36256e-05,6.36256e-05,6.562682e-05,7.211795e-05,7.077774e-05,4.055196e-05,-9.561954e-06,-1.160957e-05,-5.747486e-05,-5.747486e-05,-5.747486e-05,-5.747486e-05,-7.368417e-05,-7.469931e-05,-8.899707e-05,-5.498507e-05,-5.498507e-05,-1.909062e-05,-5.571748e-06,-3.024982e-05,-4.825091e-05,-5.626495e-05,-4.51313e-05,0.0,0.0,0.0,0.0,0.0,0.0,9.654002e-05,0.000219377,0.0003193601,0.0003873362,0.0003879928,0.0003879928,0.0003974165,0.000427941,0.0004284776,0.0004397758,0.0003957937,0.0003950559,0.0003773998,0.0003773998,0.0003773998,0.0003773998,0.0003614711,0.0003613631,0.0004226439,0.000557526,0.000557526,0.000688229,0.0008975321,0.001220714,0.001272336,0.001051044,0.0002420201
9437,2,"(886730.0, 1807290.0]",0.0,0.0,0.0,0.0,0.0,0.0,0.0001112753,0.0002292858,0.0002444038,0.0002471126,0.0002471372,0.0002471372,0.0002486092,0.0002533906,0.0002537599,0.0002616253,0.0002677052,0.0002674988,0.0002627506,0.0002627506,0.0002627506,0.0002627506,0.0002479649,0.0002469239,0.0002214926,0.0001911214,0.0001911214,0.0002110944,0.0002753687,0.0003049618,0.0002448741,0.0002077209,0.0002067934,0.0,0.0,0.0,0.0,0.0,0.0,-5.180066e-05,-5.717529e-05,4.281912e-05,8.811721e-05,8.853005e-05,8.853005e-05,9.107872e-05,9.934555e-05,9.759951e-05,5.822803e-05,-6.889547e-06,-9.61261e-06,-7.060742e-05,-7.060742e-05,-7.060742e-05,-7.060742e-05,-9.316622e-05,-9.458015e-05,-0.0001146968,-7.123778e-05,-7.123778e-05,-2.467154e-05,-6.879995e-06,-3.810867e-05,-6.275343e-05,-7.400167e-05,-5.820401e-05,0.0,0.0,0.0,0.0,0.0,0.0,0.0001194448,0.0002731683,0.0004015012,0.0004885105,0.000489351,0.000489351,0.0005011405,0.0005393284,0.0005399983,0.0005540006,0.0004961546,0.0004956033,0.0004824103,0.0004824103,0.0004824103,0.0004824103,0.000466231,0.000466443,0.0005569636,0.0007485746,0.0007485746,0.0009256869,0.001208227,0.001639524,0.00173127,0.001450648,0.0003194369
9437,2,"(1807290.0, 3206450.0]",0.0,0.0,0.0,0.0,0.0,0.0,0.0001226817,0.0002529679,0.0002699905,0.0002730571,0.000273085,0.000273085,0.0002747161,0.0002800145,0.0002804181,0.0002890124,0.0002956639,0.0002954294,0.0002900324,0.0002900324,0.0002900324,0.0002900324,0.0002736214,0.0002724684,0.0002444464,0.0002111449,0.0002111449,0.0002334615,0.0003049618,0.0003381446,0.0002718024,0.0002307566,0.0002290876,0.0,0.0,0.0,0.0,0.0,0.0,-5.351299e-05,-5.658465e-05,5.283807e-05,0.0001022308,0.000102681,0.000102681,0.0001054516,0.0001144382,0.0001125062,6.894825e-05,-2.952916e-06,-6.016584e-06,-7.464072e-05,-7.464072e-05,-7.464072e-05,-7.464072e-05,-0.0001008736,-0.0001025193,-0.0001261323,-7.872151e-05,-7.872151e-05,-2.731921e-05,-7.421983e-06,-4.115197e-05,-6.950046e-05,-8.270374e-05,-6.415108e-05,0.0,0.0,0.0,0.0,0.0,0.0,0.0001266671,0.0002912606,0.000431508,0.0005264261,0.000527343,0.000527343,0.0005399388,0.0005807381,0.0005814556,0.0005963602,0.0005317674,0.0005315309,0.0005258724,0.0005258724,0.0005258724,0.0005258724,0.0005120985,0.0005126528,0.0006225691,0.0008489722,0.0008489722,0.001051184,0.001372866,0.001859618,0.001983394,0.001679703,0.0003573196
9437,2,"(3206450.0, 4270930.0]",0.0,0.0,0.0,0.0,0.0,0.0,9.809076e-05,0.0002023992,0.0002162815,0.0002187824,0.0002188051,0.0002188051,0.0002201138,0.0002243648,0.0002246851,0.0002315066,0.0002367871,0.0002365943,0.0002321578,0.0002321578,0.0002321578,0.0002321578,0.000218962,0.0002180363,0.0001956296,0.0001691472,0.0001691472,0.0001872255,0.0002448741,0.0002718024,0.0002187046,0.000185838,0.0001839939,0.0,0.0,0.0,0.0,0.0,0.0,-4.008153e-05,-4.040013e-05,4.646604e-05,8.553433e-05,8.58904e-05,8.58904e-05,8.807446e-05,9.515863e-05,9.36085e-05,5.866415e-05,1.08547e-06,-1.411277e-06,-5.733676e-05,-5.733676e-05,-5.733676e-05,-5.733676e-05,-7.936776e-05,-8.07509e-05,-0.0001007381,-6.323667e-05,-6.323667e-05,-2.209711e-05,-5.974071e-06,-3.239771e-05,-5.5973e-05,-6.714678e-05,-5.142219e-05,0.0,0.0,0.0,0.0,0.0,0.0,9.74455e-05,0.0002253258,0.0003364804,0.0004115851,0.0004123106,0.0004123106,0.0004220841,0.0004537421,0.0004542982,0.0004657735,0.0004135055,0.0004136007,0.000415879,0.000415879,0.000415879,0.000415879,0.0004080233,0.0004087152,0.0005044283,0.0006970985,0.0006970985,0.0008640864,0.001129109,0.001527034,0.001643478,0.001405029,0.000289618
9437,2,"(4270930.0, 6535230.0]",0.0,0.0,0.0,0.0,0.0,0.0,8.291256e-05,0.0001711676,0.0001830977,0.0001852451,0.0001852647,0.0001852647,0.0001863728,0.0001899724,0.0001902418,0.0001959787,0.0002004124,0.0002002456,0.0001964068,0.0001964068,0.0001964068,0.0001964068,0.0001852073,0.0001844224,0.0001654742,0.0001431951,0.0001431951,0.0001586452,0.0002077209,0.0002307566,0.000185838,0.0001580286,0.000156106,0.0,0.0,0.0,0.0,0.0,0.0,-3.194669e-05,-3.069026e-05,4.228462e-05,7.499765e-05,7.529579e-05,7.529579e-05,7.711973e-05,8.303584e-05,8.172184e-05,5.210382e-05,3.373572e-06,1.229439e-06,-4.679771e-05,-4.679771e-05,-4.679771e-05,-4.679771e-05,-6.618545e-05,-6.740323e-05,-8.509058e-05,-5.368556e-05,-5.368556e-05,-1.888452e-05,-5.101891e-06,-2.704223e-05,-4.762211e-05,-5.751003e-05,-4.357932e-05,0.0,0.0,0.0,0.0,0.0,0.0,7.961615e-05,0.0001850354,0.0002782853,0.000341194,0.0003418017,0.0003418017,0.0003498489,0.0003759149,0.0003763717,0.0003857388,0.0003411209,0.0003414055,0.0003482168,0.0003482168,0.0003482168,0.0003482168,0.0003438596,0.0003446241,0.0004311663,0.000602409,0.000602409,0.0007473826,0.000977014,0.001319623,0.001430642,0.001232248,0.00024761
9437,2,"(6535230.0, 20000000.0]",0.0,0.0,0.0,0.0,0.0,0.0,8.351045e-05,0.0001720876,0.0001834747,0.0001855198,0.0001855384,0.0001855384,0.0001866415,0.0001902248,0.0001905019,0.0001964019,0.0002009566,0.0002008007,0.0001972153,0.0001972153,0.0001972153,0.0001972153,0.0001861006,0.0001853185,0.0001662421,0.0001434695,0.0001434695,0.0001584883,0.0002067934,0.0002290876,0.0001839939,0.000156106,0.0001553443,0.0,0.0,0.0,0.0,0.0,0.0,-3.836204e-05,-4.19834e-05,3.295149e-05,6.687125e-05,6.718039e-05,6.718039e-05,6.908615e-05,7.526765e-05,7.39567e-05,4.439727e-05,-4.464467e-06,-6.51557e-06,-5.245892e-05,-5.245892e-05,-5.245892e-05,-5.245892e-05,-6.954256e-05,-7.061357e-05,-8.587841e-05,-5.330818e-05,-5.330818e-05,-1.835263e-05,-4.964852e-06,-2.831562e-05,-4.695434e-05,-5.549756e-05,-4.352355e-05,0.0,0.0,0.0,0.0,0.0,0.0,8.896665e-05,0.0002036878,0.000299832,0.0003650096,0.0003656392,0.0003656392,0.0003744269,0.0004028915,0.0004033925,0.0004138543,0.0003703562,0.00036999,0.0003612254,0.0003612254,0.0003612254,0.0003612254,0.0003495689,0.0003497663,0.0004189088,0.0005645635,0.0005645635,0.00069835,0.0009116335,0.001236666,0.001308361,0.001098521,0.0002403682
9437,18,"(1e-05, 185.813]",0.0002033727,0.0001473172,0.000210967,0.000195584,0.0001002835,0.0001412725,8.882166e-05,1.15741e-05,0.0,0.0,0.0,0.0,0.0,0.0,0.0,0.0,0.0,0.0,0.0,0.0,0.0,0.0,0.0,0.0,0.0,0.0,0.0,0.0,0.0,0.0,0.0,0.0,0.0,0.0008880534,0.001051651,0.0008788595,0.0009078313,0.001040241,0.0009554631,0.0004837688,6.857977e-05,0.0,0.0,0.0,0.0,0.0,0.0,0.0,0.0,0.0,0.0,0.0,0.0,0.0,0.0,0.0,0.0,0.0,0.0,0.0,0.0,0.0,0.0,0.0,0.0,0.0,-9.141951e-05,-9.997546e-05,7.454948e-05,9.837372e-05,0.0002661151,0.0002098395,0.000130677,2.081466e-05,0.0,0.0,0.0,0.0,0.0,0.0,0.0,0.0,0.0,0.0,0.0,0.0,0.0,0.0,0.0,0.0,0.0,0.0,0.0,0.0,0.0,0.0,0.0,0.0,0.0
9437,18,"(185.813, 504.442]",0.0002826472,0.000226046,0.000293476,0.0002698317,0.0001244493,0.0002008656,0.000124549,1.601288e-05,0.0,0.0,0.0,0.0,0.0,0.0,0.0,0.0,0.0,0.0,0.0,0.0,0.0,0.0,0.0,0.0,0.0,0.0,0.0,0.0,0.0,0.0,0.0,0.0,0.0,0.001051651,0.001260573,0.001079016,0.001108096,0.001240344,0.001145787,0.0005846343,8.366253e-05,0.0,0.0,0.0,0.0,0.0,0.0,0.0,0.0,0.0,0.0,0.0,0.0,0.0,0.0,0.0,0.0,0.0,0.0,0.0,0.0,0.0,0.0,0.0,0.0,0.0,-6.488133e-05,-6.484025e-05,0.0001477352,0.0001732603,0.0003558605,0.0003208438,0.0001993451,3.168792e-05,0.0,0.0,0.0,0.0,0.0,0.0,0.0,0.0,0.0,0.0,0.0,0.0,0.0,0.0,0.0,0.0,0.0,0.0,0.0,0.0,0.0,0.0,0.0,0.0,0.0
