MAT,,,9437,9437,9437,9437,9437,9437,9437,9437,9437,9437,9437,9437,9437,9437,9437,9437,9437,9437,9437,9437,9437,9437,9437,9437,9437,9437,9437,9437,9437,9437,9437,9437,9437,9437,9437,9437,9437,9437,9437,9437,9437,9437,9437,9437,9437,9437,9437,9437,9437,9437,9437,9437,9437,9437,9437,9437,9437,9437,9437,9437,9437,9437,9437,9437,9437,9437,9437,9437,9437,9437,9437,9437,9437,9437,9437,9437,9437,9437,9437,9437,9437,9437,9437,9437,9437,9437,9437,9437,9437,9437,9437,9437,9437,9437,9437,9437,9437,9437,9437
MT,,,2,2,2,2,2,2,2,2,2,2,2,2,2,2,2,2,2,2,2,2,2,2,2,2,2,2,2,2,2,2,2,2,2,18,18,18,18,18,18,18,18,18,18,18,18,18,18,18,18,18,18,18,18,18,18,18,18,18,18,18,18,18,18,18,18,18,102,102,102,102,102,102,102,102,102,102,102,102,102,102,102,102,102,102,102,102,102,102,102,102,102,102,102,102,102,102,102,102,102
E,,,"(1e-05, 0.54]","(0.54, 8.31529]","(8.31529, 27.1478]","(27.1478, 51.3858]","(51.3858, 172.563]","(172.563, 455.653]","(455.653, 504.442]","(504.442, 716.839]","(716.839, 954.816]","(954.816, 1356.84]","(1356.84, 1807.29]","(1807.29, 2977.8]","(2977.8, 3266.3]","(3266.3, 6069.22]","(6069.22, 9286.92]","(9286.92, 15021.3]","(15021.3, 23414.1]","(23414.1, 29232.3]","(29232.3, 38578.5]","(38578.5, 51385.8]","(51385.8, 78628.9]","(78628.9, 121433.0]","(121433.0, 139501.0]","(139501.0, 172563.0]","(172563.0, 303339.0]","(303339.0, 504442.0]","(504442.0, 771881.0]","(771881.0, 1096880.0]","(1096880.0, 1271800.0]","(1271800.0, 3683540.0]","(3683540.0, 6069220.0]","(6069220.0, 10000000.0]","(10000000.0, 20000000.0]","(1e-05, 0.54]","(0.54, 8.31529]","(8.31529, 27.1478]","(27.1478, 51.3858]","(51.3858, 172.563]","(172.563, 455.653]","(455.653, 504.442]","(504.442, 716.839]","(716.839, 954.816]","(954.816, 1356.84]","(1356.84, 1807.29]","(1807.29, 2977.8]","(2977.8, 3266.3]","(3266.3, 6069.22]","(6069.22, 9286.92]","(9286.92, 15021.3]","(15021.3, 23414.1]","(23414.1, 29232.3]","(29232.3, 38578.5]","(38578.5, 51385.8]","(51385.8, 78628.9]","(78628.9, 121433.0]","(121433.0, 139501.0]","(139501.0, 172563.0]","(172563.0, 303339.0]","(303339.0, 504442.0]","(504442.0, 771881.0]","(771881.0, 1096880.0]","(1096880.0, 1271800.0]","(1271800.0, 3683540.0]","(3683540.0, 6069220.0]","(6069220.0, 10000000.0]","(10000000.0, 20000000.0]","(1e-05, 0.54]","(0.54, 8.31529]","(8.31529, 27.1478]","(27.1478, 51.3858]","(51.3858, 172.563]","(172.563, 455.653]","(455.653, 504.442]","(504.442, 716.839]","(716.839, 954.816]","(954.816, 1356.84]","(1356.84, 1807.29]","(1807.29, 2977.8]","(2977.8, 3266.3]","(3266.3, 6069.22]","(6069.22, 9286.92]","(9286.92, 15021.3]","(15021.3, 23414.1]","(23414.1, 29232.3]","(29232.3, 38578.5]","(38578.5, 51385.8]","(51385.8, 78628.9]","(78628.9, 121433.0]","(121433.0, 139501.0]","(139501.0, 172563.0]","(172563.0, 303339.0]","(303339.0, 504442.0]","(504442.0, 771881.0]","(771881.0, 1096880.0]","(1096880.0, 1271800.0]","(1271800.0, 3683540.0]","(3683540.0, 6069220.0]","(6069220.0, 10000000.0]","(10000000.0, 20000000.0]"
MAT,MT,E,,,,,,,,,,,,,,,,,,,,,,,,,,,,,,,,,,,,,,,,,,,,,,,,,,,,,,,,,,,,,,,,,,,,,,,,,,,,,,,,,,,,,,,,,,,,,,,,,,,
9437,2,"(1e-05, 0.54]",0.001486841,0.001654193,0.001242239,0.000460377,-0.0001240978,0.0001252045,0.0003865461,0.0003865461,0.0008342627,0.0008221006,0.000628447,0.0002586367,0.0001739962,5.897155e-06,0.0,0.0,0.0,0.0,0.0,0.0,0.0,0.0,0.0,0.0,0.0,0.0,0.0,0.0,0.0,0.0,0.0,0.0,0.0,3.841102e-05,-0.0001223413,-0.0002201702,-0.0002254435,-0.0002372469,-0.0002616086,-0.0002813748,-0.0002813748,-0.0002671142,-0.0002662802,-0.0002685768,-0.0001418739,-0.0001111425,-4.826646e-06,0.0,0.0,0.0,0.0,0.0,0.0,0.0,0.0,0.0,0.0,0.0,0.0,0.0,0.0,0.0,0.0,0.0,0.0,0.0,9.622655e-05,-0.001030832,-0.0008273655,-0.001102463,-0.0009973294,-0.000907862,-0.0007724349,-0.0007724349,-0.0005375511,-0.0006190413,-0.00092921,-0.0005417021,-0.0004243957,-1.222097e-05,0.0,0.0,0.0,0.0,0.0,0.0,0.0,0.0,0.0,0.0,0.0,0.0,0.0,0.0,0.0,0.0,0.0,0.0,0.0
9437,2,"(0.54, 8.31529]",0.001654193,0.001851729,0.00140049,0.0005423426,-9.740715e-05,0.0001794838,0.0004581771,0.0004581771,0.0009501219,0.000936626,0.0007235078,0.0002995709,0.0002025422,6.86465e-06,0.0,0.0,0.0,0.0,0.0,0.0,0.0,0.0,0.0,0.0,0.0,0.0,0.0,0.0,0.0,0.0,0.0,0.0,0.0,-7.406223e-07,-0.0001285793,-0.0002262888,-0.0002336489,-0.0002445793,-0.0002684823,-0.0002943517,-0.0002943517,-0.0002789415,-0.0002785338,-0.0002821666,-0.0001501008,-0.0001180686,-5.127432e-06,0.0,0.0,0.0,0.0,0.0,0.0,0.0,0.0,0.0,0.0,0.0,0.0,0.0,0.0,0.0,0.0,0.0,0.0,0.0,4.36619e-05,-0.001123437,-0.000897236,-0.001198825,-0.001085241,-0.000989485,-0.0008452435,-0.0008452435,-0.0005833092,-0.0006730357,-0.001016055,-0.0005929395,-0.0004648538,-1.338601e-05,0.0,0.0,0.0,0.0,0.0,0.0,0.0,0.0,0.0,0.0,0.0,0.0,0.0,0.0,0.0,0.0,0.0,0.0,0.0
9437,2,"(8.31529, 27.1478]",0.001242239,0.00140049,0.001164046,0.0007917594,0.0004913893,0.0006775893,0.0007351575,0.0007351575,0.0009308362,0.0009326262,0.000865935,0.0003888735,0.0002796859,9.479238e-06,0.0,0.0,0.0,0.0,0.0,0.0,0.0,0.0,0.0,0.0,0.0,0.0,0.0,0.0,0.0,0.0,0.0,0.0,0.0,-4.857785e-06,1.411363e-05,-1.988868e-06,-6.338085e-06,1.927937e-06,-5.685281e-07,-3.206524e-05,-3.206524e-05,-1.228549e-05,-1.355055e-05,-2.238567e-05,-1.908183e-05,-1.82805e-05,-7.938774e-07,0.0,0.0,0.0,0.0,0.0,0.0,0.0,0.0,0.0,0.0,0.0,0.0,0.0,0.0,0.0,0.0,0.0,0.0,0.0,1.609631e-05,-0.0002794995,-0.0002227619,-0.0003320461,-0.0003099817,-0.0002890959,-0.0002569368,-0.0002569368,-0.0001550113,-0.0001855863,-0.000308222,-0.0001810862,-0.0001425996,-4.106322e-06,0.0,0.0,0.0,0.0,0.0,0.0,0.0,0.0,0.0,0.0,0.0,0.0,0.0,0.0,0.0,0.0,0.0,0.0,0.0
9437,2,"(27.1478, 51.3858]",0.000460377,0.0005423426,0.0007917594,0.002210712,0.002857812,0.002819469,0.001952359,0.001952359,0.001216884,0.00129169,0.001748287,0.0008644769,0.0006621945,2.244339e-05,0.0,0.0,0.0,0.0,0.0,0.0,0.0,0.0,0.0,0.0,0.0,0.0,0.0,0.0,0.0,0.0,0.0,0.0,0.0,3.346817e-05,-6.789625e-05,7.21066e-05,7.708984e-05,2.298773e-05,3.955542e-05,0.0001895413,0.0001895413,9.626192e-05,9.721918e-05,0.0001271998,9.268153e-05,8.43092e-05,3.661343e-06,0.0,0.0,0.0,0.0,0.0,0.0,0.0,0.0,0.0,0.0,0.0,0.0,0.0,0.0,0.0,0.0,0.0,0.0,0.0,-0.000164748,0.002757816,0.00220281,0.00303316,0.002743552,0.00245267,0.00184595,0.00184595,0.001214231,0.001387131,0.002105739,0.001217551,0.0009486791,2.731831e-05,0.0,0.0,0.0,0.0,0.0,0.0,0.0,0.0,0.0,0.0,0.0,0.0,0.0,0.0,0.0,0.0,0.0,0.0,0.0
9437,2,"(51.3858, 172.563]",-0.0001240978,-9.740715e-05,0.0004913893,0.002857812,0.004149994,0.004004646,0.002655973,0.002655973,0.001309339,0.001424877,0.002206769,0.001118549,0.0008694825,2.946888e-05,0.0,0.0,0.0,0.0,0.0,0.0,0.0,0.0,0.0,0.0,0.0,0.0,0.0,0.0,0.0,0.0,0.0,0.0,0.0,3.670996e-05,6.085951e-05,0.0003259082,0.0003157023,0.0002587544,0.000318784,0.0005150504,0.0005150504,0.0003658203,0.0003654981,0.0004091374,0.0002567471,0.0002197852,9.544733e-06,0.0,0.0,0.0,0.0,0.0,0.0,0.0,0.0,0.0,0.0,0.0,0.0,0.0,0.0,0.0,0.0,0.0,0.0,0.0,-0.0002456234,0.004407993,0.003522829,0.004796842,0.004366101,0.003942501,0.003081229,0.003081229,0.002036552,0.002334162,0.003551718,0.002058307,0.001606222,4.625302e-05,0.0,0.0,0.0,0.0,0.0,0.0,0.0,0.0,0.0,0.0,0.0,0.0,0.0,0.0,0.0,0.0,0.0,0.0,0.0
9437,2,"(172.563, 455.653]",0.0001252045,0.0001794838,0.0006775893,0.002819469,0.004004646,0.003978327,0.002716958,0.002716958,0.001402724,0.001516629,0.002282606,0.00114706,0.0008871617,3.006808e-05,0.0,0.0,0.0,0.0,0.0,0.0,0.0,0.0,0.0,0.0,0.0,0.0,0.0,0.0,0.0,0.0,0.0,0.0,0.0,3.48926e-05,-9.243687e-06,0.0002199252,0.0001899533,0.0001336855,0.0001978728,0.0003792857,0.0003792857,0.000221134,0.0002229324,0.0002741727,0.0002008235,0.0001830329,7.948671e-06,0.0,0.0,0.0,0.0,0.0,0.0,0.0,0.0,0.0,0.0,0.0,0.0,0.0,0.0,0.0,0.0,0.0,0.0,0.0,-0.0002414376,0.004157835,0.003325091,0.00448357,0.00409864,0.003740386,0.002960663,0.002960663,0.001905031,0.002194139,0.003395429,0.001969521,0.00153787,4.428474e-05,0.0,0.0,0.0,0.0,0.0,0.0,0.0,0.0,0.0,0.0,0.0,0.0,0.0,0.0,0.0,0.0,0.0,0.0,0.0
9437,2,"(455.653, 504.442]",0.0003865461,0.0004581771,0.0007351575,0.001952359,0.002655973,0.002716958,0.00217577,0.00217577,0.001165008,0.001261374,0.00187261,0.0009266028,0.000710085,2.406652e-05,0.0,0.0,0.0,0.0,0.0,0.0,0.0,0.0,0.0,0.0,0.0,0.0,0.0,0.0,0.0,0.0,0.0,0.0,0.0,2.48488e-05,8.161624e-05,0.0002468141,0.0002337336,0.0002291799,0.0002773913,0.000404801,0.000404801,0.0003174099,0.0003218028,0.000358047,0.0002290427,0.000197753,8.58793e-06,0.0,0.0,0.0,0.0,0.0,0.0,0.0,0.0,0.0,0.0,0.0,0.0,0.0,0.0,0.0,0.0,0.0,0.0,0.0,-9.79927e-05,0.002529607,0.002021311,0.002678383,0.002445496,0.002273716,0.00212649,0.00212649,0.001312703,0.001526018,0.00242821,0.001413594,0.00110645,3.186151e-05,0.0,0.0,0.0,0.0,0.0,0.0,0.0,0.0,0.0,0.0,0.0,0.0,0.0,0.0,0.0,0.0,0.0,0.0,0.0
9437,2,"(504.442, 716.839]",0.0003865461,0.0004581771,0.0007351575,0.001952359,0.002655973,0.002716958,0.00217577,0.00217577,0.001165008,0.001261374,0.00187261,0.0009266028,0.000710085,2.406652e-05,0.0,0.0,0.0,0.0,0.0,0.0,0.0,0.0,0.0,0.0,0.0,0.0,0.0,0.0,0.0,0.0,0.0,0.0,0.0,2.48488e-05,8.161624e-05,0.0002468141,0.0002337336,0.0002291799,0.0002773913,0.000404801,0.000404801,0.0003174099,0.0003218028,0.000358047,0.0002290427,0.000197753,8.58793e-06,0.0,0.0,0.0,0.0,0.0,0.0,0.0,0.0,0.0,0.0,0.0,0.0,0.0,0.0,0.0,0.0,0.0,0.0,0.0,-9.79927e-05,0.002529607,0.002021311,0.002678383,0.002445496,0.002273716,0.00212649,0.00212649,0.001312703,0.001526018,0.00242821,0.001413594,0.00110645,3.186151e-05,0.0,0.0,0.0,0.0,0.0,0.0,0.0,0.0,0.0,0.0,0.0,0.0,0.0,0.0,0.0,0.0,0.0,0.0,0.0
9437,2,"(716.839, 954.816]",0.0008342627,0.0009501219,0.0009308362,0.001216884,0.001309339,0.001402724,0.001165008,0.001165008,0.0009788763,0.001005276,0.001139694,0.000545989,0.0004101045,1.389944e-05,0.0,0.0,0.0,0.0,0.0,0.0,0.0,0.0,0.0,0.0,0.0,0.0,0.0,0.0,0.0,0.0,0.0,0.0,0.0,1.074211e-05,5.735412e-05,0.0001154415,0.0001214115,0.000125582,0.0001356763,0.000171096,0.000171096,0.0001600387,0.0001579186,0.0001562618,8.110648e-05,6.287775e-05,2.730627e-06,0.0,0.0,0.0,0.0,0.0,0.0,0.0,0.0,0.0,0.0,0.0,0.0,0.0,0.0,0.0,0.0,0.0,0.0,0.0,-3.099977e-05,0.0008238655,0.0006577895,0.0008699145,0.0007831321,0.0007063277,0.0005664477,0.0005664477,0.0004031211,0.0004470485,0.0006309044,0.0003690764,0.0002898158,8.345584e-06,0.0,0.0,0.0,0.0,0.0,0.0,0.0,0.0,0.0,0.0,0.0,0.0,0.0,0.0,0.0,0.0,0.0,0.0,0.0
9437,2,"(954.816, 1356.84]",0.0008221006,0.000936626,0.0009326262,0.00129169,0.001424877,0.001516629,0.001261374,0.001261374,0.001005276,0.001050466,0.001257803,0.0006055949,0.0004563205,1.546582e-05,0.0,0.0,0.0,0.0,0.0,0.0,0.0,0.0,0.0,0.0,0.0,0.0,0.0,0.0,0.0,0.0,0.0,0.0,0.0,1.252754e-05,5.05956e-05,0.0001177975,0.0001221333,0.0001219823,0.0001354171,0.000184435,0.000184435,0.0001593148,0.0001596177,0.0001677965,9.627324e-05,7.892544e-05,3.427539e-06,0.0,0.0,0.0,0.0,0.0,0.0,0.0,0.0,0.0,0.0,0.0,0.0,0.0,0.0,0.0,0.0,0.0,0.0,0.0,-3.608838e-05,0.0009444971,0.0007538145,0.001009398,0.000914419,0.0008331621,0.0007036063,0.0007036063,0.000481252,0.0005592152,0.0008548869,0.000502604,0.0003959609,1.140215e-05,0.0,0.0,0.0,0.0,0.0,0.0,0.0,0.0,0.0,0.0,0.0,0.0,0.0,0.0,0.0,0.0,0.0,0.0,0.0
9437,2,"(1356.84, 1807.29]",0.000628447,0.0007235078,0.000865935,0.001748287,0.002206769,0.002282606,0.00187261,0.00187261,0.001139694,0.001257803,0.00182284,0.0008946581,0.00068222,2.31221e-05,0.0,0.0,0.0,0.0,0.0,0.0,0.0,0.0,0.0,0.0,0.0,0.0,0.0,0.0,0.0,0.0,0.0,0.0,0.0,2.217082e-05,4.235505e-05,0.0001715581,0.0001648331,0.0001505923,0.000186336,0.000303177,0.000303177,0.000214758,0.0002235506,0.000270365,0.000188418,0.000168542,7.319368e-06,0.0,0.0,0.0,0.0,0.0,0.0,0.0,0.0,0.0,0.0,0.0,0.0,0.0,0.0,0.0,0.0,0.0,0.0,0.0,-7.332123e-05,0.001869942,0.001492568,0.002019841,0.00185099,0.001723923,0.00161777,0.00161777,0.001009609,0.001235182,0.00207469,0.001219984,0.000961248,2.768025e-05,0.0,0.0,0.0,0.0,0.0,0.0,0.0,0.0,0.0,0.0,0.0,0.0,0.0,0.0,0.0,0.0,0.0,0.0,0.0
9437,2,"(1807.29, 2977.8]",0.0002586367,0.0002995709,0.0003888735,0.0008644769,0.001118549,0.00114706,0.0009266028,0.0009266028,0.000545989,0.0006055949,0.0008946581,0.0005113102,0.0004235713,0.0001288107,0.0001170979,0.0001173357,0.0001184967,0.000120783,0.0001214973,0.0001247559,0.0001267661,0.0001281562,0.0001265401,0.0001265401,0.0001197354,0.0001067824,9.172777e-05,0.0001051594,0.0001077335,0.0001439532,9.61417e-05,0.0001027696,9.635098e-05,1.307902e-05,2.617052e-05,9.480577e-05,9.095388e-05,8.554646e-05,0.0001041801,0.0001606182,0.0001606182,0.0001191724,0.0001239059,0.0001472777,6.635419e-05,4.67264e-05,-4.577287e-05,-2.771387e-05,9.870813e-06,3.303906e-05,3.733669e-05,3.865428e-05,2.36645e-05,6.89566e-06,-1.903202e-05,-4.059769e-05,-4.059769e-05,-4.888318e-05,-5.684582e-05,-3.461636e-05,-1.043608e-06,4.876987e-06,-1.837127e-05,-3.503382e-05,-3.093178e-05,-2.810641e-05,-3.945377e-05,0.0009927793,0.0007925703,0.001066404,0.0009745203,0.0009050521,0.0008417475,0.0008417475,0.000532725,0.0006501448,0.001083717,0.0007203189,0.0006103109,0.0001706849,0.0001733681,0.0002144717,0.0002587694,0.0002793863,0.0002858231,0.0002931284,0.0002843865,0.0002620633,0.0002448954,0.0002448954,0.0002309353,0.0002564655,0.0003234534,0.0004346073,0.0004644368,0.0006586029,0.0006447463,0.0001595158,0.000138339
9437,2,"(2977.8, 3266.3]",0.0001739962,0.0002025422,0.0002796859,0.0006621945,0.0008694825,0.0008871617,0.000710085,0.000710085,0.0004101045,0.0004563205,0.00068222,0.0004235713,0.000364373,0.0001530003,0.0001438988,0.000144191,0.0001456177,0.0001484273,0.000149305,0.0001533095,0.0001557798,0.000157488,0.000155502,0.000155502,0.0001471399,0.0001312222,0.000112722,0.0001292278,0.000132391,0.0001769005,0.0001181462,0.000126291,0.0001184034,1.099813e-05,2.246628e-05,7.723905e-05,7.404473e-05,7.065906e-05,8.537669e-05,0.00012799,0.00012799,9.729526e-05,0.0001010997,0.000119106,3.841677e-05,1.88458e-05,-5.792438e-05,-3.40569e-05,1.213e-05,4.060089e-05,4.588214e-05,4.75013e-05,2.908073e-05,8.473907e-06,-2.338798e-05,-4.98895e-05,-4.98895e-05,-6.007133e-05,-6.985644e-05,-4.25392e-05,-1.282464e-06,5.99321e-06,-2.2576e-05,-4.30522e-05,-3.80113e-05,-3.453928e-05,-3.170234e-05,0.0007920182,0.0006323581,0.0008481857,0.0007739178,0.0007176326,0.000664135,0.000664135,0.000423578,0.0005162443,0.000856908,0.0006059577,0.00052999,0.0002034152,0.0002130479,0.000263559,0.0003179954,0.0003433309,0.000351241,0.0003602183,0.0003494756,0.0003220431,0.000300946,0.000300946,0.0002837907,0.0003151641,0.000397484,0.0005340783,0.000570735,0.000809341,0.0007923129,0.000196025,0.0001700014
9437,2,"(3266.3, 6069.22]",5.897155e-06,6.86465e-06,9.479238e-06,2.244339e-05,2.946888e-05,3.006808e-05,2.406652e-05,2.406652e-05,1.389944e-05,1.546582e-05,2.31221e-05,0.0001288107,0.0001530003,0.0002169907,0.0002167354,0.0002172651,0.0002194593,0.0002236628,0.0002249759,0.0002309881,0.0002346945,0.0002372451,0.0002342284,0.0002342284,0.0002215912,0.0001976334,0.0001698483,0.0001949094,0.0001997123,0.0002670293,0.000178512,0.0001907828,0.0001785595,3.727536e-07,7.614371e-07,2.61782e-06,2.509557e-06,2.394808e-06,2.893624e-06,4.337894e-06,4.337894e-06,3.297574e-06,3.426517e-06,4.036793e-06,-6.14859e-05,-7.737827e-05,-8.899824e-05,-4.853831e-05,2.060568e-05,6.322645e-05,7.112445e-05,7.354584e-05,4.576692e-05,1.471702e-05,-3.339159e-05,-7.366449e-05,-7.366449e-05,-8.94713e-05,-0.0001047543,-6.388256e-05,-1.81533e-06,9.130299e-06,-3.360292e-05,-6.520427e-05,-5.694011e-05,-5.173899e-05,-1.07447e-06,2.684343e-05,2.143216e-05,2.874708e-05,2.622997e-05,2.432232e-05,2.250916e-05,2.250916e-05,1.435609e-05,1.749678e-05,2.904271e-05,0.0001497472,0.0001862868,0.0002847475,0.0003166971,0.0003926496,0.0004742189,0.0005119393,0.0005237158,0.0005371015,0.0005207762,0.0004799844,0.0004506053,0.0004506053,0.0004261507,0.0004767815,0.0006057755,0.0008148703,0.0008709834,0.001234611,0.001223476,0.0002998006,0.0002558218
9437,2,"(6069.22, 9286.92]",0.0,0.0,0.0,0.0,0.0,0.0,0.0,0.0,0.0,0.0,0.0,0.0001170979,0.0001438988,0.0002167354,0.0002168853,0.0002174969,0.000219715,0.000223937,0.0002252558,0.0002312414,0.0002349347,0.0002374588,0.0002343908,0.0002343908,0.0002217239,0.0001977387,0.0001700298,0.0001952739,0.0002001118,0.0002677741,0.0001791792,0.0001914937,0.0001788987,0.0,0.0,0.0,0.0,0.0,0.0,0.0,0.0,0.0,0.0,0.0,-6.265601e-05,-7.785307e-05,-8.624812e-05,-4.583288e-05,2.292776e-05,6.532388e-05,7.315304e-05,7.555325e-05,4.773158e-05,1.665421e-05,-3.160298e-05,-7.226716e-05,-7.226716e-05,-8.856889e-05,-0.0001043915,-6.378002e-05,-1.738591e-06,9.202487e-06,-3.324968e-05,-6.563438e-05,-5.671476e-05,-5.154358e-05,0.0,0.0,0.0,0.0,0.0,0.0,0.0,0.0,0.0,0.0,0.0,0.0001301715,0.000169577,0.0002804052,0.0003126512,0.0003885095,0.0004696861,0.0005070078,0.0005186596,0.0005318621,0.0005154087,0.000475196,0.0004482366,0.0004482366,0.0004251925,0.0004793921,0.0006136573,0.0008264133,0.0008835089,0.001251392,0.001255093,0.0003046388,0.0002557606
9437,2,"(9286.92, 15021.3]",0.0,0.0,0.0,0.0,0.0,0.0,0.0,0.0,0.0,0.0,0.0,0.0001173357,0.000144191,0.0002172651,0.0002174969,0.000218346,0.0002206144,0.0002248537,0.000226178,0.000232152,0.0002358245,0.0002382923,0.000235127,0.000235127,0.0002223637,0.0001983264,0.000170693,0.0001963097,0.000201219,0.0002696464,0.0001807505,0.000193154,0.0001798542,0.0,0.0,0.0,0.0,0.0,0.0,0.0,0.0,0.0,0.0,0.0,-5.981325e-05,-7.43208e-05,-8.118966e-05,-4.095209e-05,2.72365e-05,6.929388e-05,7.704634e-05,7.9423e-05,5.144898e-05,2.024928e-05,-2.838811e-05,-6.98608e-05,-6.98608e-05,-8.708466e-05,-0.0001039691,-6.37415e-05,-1.620611e-06,9.33448e-06,-3.267287e-05,-6.657857e-05,-5.64177e-05,-5.130742e-05,0.0,0.0,0.0,0.0,0.0,0.0,0.0,0.0,0.0,0.0,0.0,0.0001266036,0.000164929,0.0002736259,0.0003057627,0.000381592,0.0004622629,0.0004988426,0.000510262,0.0005232265,0.0005064852,0.0004672316,0.000444784,0.000444784,0.0004242252,0.0004851747,0.000629386,0.0008493343,0.00090836,0.00128497,0.001316071,0.000314247,0.0002561005
9437,2,"(15021.3, 23414.1]",0.0,0.0,0.0,0.0,0.0,0.0,0.0,0.0,0.0,0.0,0.0,0.0001184967,0.0001456177,0.0002194593,0.000219715,0.0002206144,0.0002229506,0.0002272349,0.0002285732,0.0002345905,0.0002382877,0.0002407673,0.0002375691,0.0002375691,0.0002246533,0.0002003482,0.0001724842,0.0001984536,0.0002034305,0.0002727258,0.0001828864,0.0001954364,0.0001818317,0.0,0.0,0.0,0.0,0.0,0.0,0.0,0.0,0.0,0.0,0.0,-5.954214e-05,-7.398393e-05,-8.046984e-05,-3.991952e-05,2.872843e-05,7.11025e-05,7.889512e-05,8.128405e-05,5.300527e-05,2.148054e-05,-2.772006e-05,-6.981807e-05,-6.981807e-05,-8.74532e-05,-0.0001047822,-6.430151e-05,-1.581506e-06,9.47924e-06,-3.280141e-05,-6.745622e-05,-5.685171e-05,-5.16982e-05,0.0,0.0,0.0,0.0,0.0,0.0,0.0,0.0,0.0,0.0,0.0,0.0001268159,0.0001652056,0.0002742657,0.0003066842,0.0003832174,0.0004644942,0.0005012316,0.0005127001,0.0005257194,0.0005087668,0.0004694319,0.000447953,0.000447953,0.0004278872,0.0004912858,0.0006396038,0.0008636501,0.0009237755,0.001306259,0.001345428,0.0003198631,0.0002586052
9437,2,"(23414.1, 29232.3]",0.0,0.0,0.0,0.0,0.0,0.0,0.0,0.0,0.0,0.0,0.0,0.000120783,0.0001484273,0.0002236628,0.000223937,0.0002248537,0.0002272349,0.0002316285,0.0002330009,0.0002391051,0.0002428744,0.000245408,0.000242134,0.000242134,0.00022897,0.0002041984,0.0001757979,0.0002022806,0.0002073559,0.0002780012,0.0001864303,0.0001992232,0.0001853253,0.0,0.0,0.0,0.0,0.0,0.0,0.0,0.0,0.0,0.0,0.0,-6.060344e-05,-7.530265e-05,-8.185965e-05,-4.053394e-05,2.941118e-05,7.257899e-05,8.051347e-05,8.294587e-05,5.412117e-05,2.199027e-05,-2.815969e-05,-7.107988e-05,-7.107988e-05,-8.907535e-05,-0.0001067649,-6.552238e-05,-1.602769e-06,9.669529e-06,-3.341175e-05,-6.877203e-05,-5.792779e-05,-5.267621e-05,0.0,0.0,0.0,0.0,0.0,0.0,0.0,0.0,0.0,0.0,0.0,0.0001291314,0.0001682221,0.000279316,0.0003123691,0.0003903415,0.0004731842,0.0005106074,0.00052229,0.0005355104,0.0005182253,0.0004781778,0.0004564043,0.0004564043,0.0004360335,0.0005008138,0.0006522198,0.000880695,0.0009420091,0.001332103,0.001372649,0.0003262195,0.0002635743
9437,2,"(29232.3, 38578.5]",0.0,0.0,0.0,0.0,0.0,0.0,0.0,0.0,0.0,0.0,0.0,0.0001214973,0.000149305,0.0002249759,0.0002252558,0.000226178,0.0002285732,0.0002330009,0.000234384,0.0002405153,0.0002443071,0.0002468577,0.00024356,0.00024356,0.0002303185,0.0002054011,0.000176833,0.000203476,0.000208582,0.0002796489,0.0001875372,0.000200406,0.0001864166,0.0,0.0,0.0,0.0,0.0,0.0,0.0,0.0,0.0,0.0,0.0,-6.093538e-05,-7.57151e-05,-8.229452e-05,-4.072655e-05,2.96239e-05,7.30397e-05,8.101851e-05,8.34645e-05,5.446928e-05,2.214902e-05,-2.829747e-05,-7.14744e-05,-7.14744e-05,-8.958232e-05,-0.0001073844,-6.59038e-05,-1.609436e-06,9.72895e-06,-3.360251e-05,-6.918297e-05,-5.8264e-05,-5.298178e-05,0.0,0.0,0.0,0.0,0.0,0.0,0.0,0.0,0.0,0.0,0.0,0.0001298552,0.000169165,0.0002808946,0.0003141459,0.000392568,0.0004759,0.0005135375,0.000525287,0.0005385702,0.0005211813,0.0004809111,0.000459045,0.000459045,0.0004385786,0.0005037896,0.000656159,0.0008860169,0.000947702,0.001340172,0.001381145,0.000328204,0.0002651265
9437,2,"(38578.5, 51385.8]",0.0,0.0,0.0,0.0,0.0,0.0,0.0,0.0,0.0,0.0,0.0,0.0001247559,0.0001533095,0.0002309881,0.0002312414,0.000232152,0.0002345905,0.0002391051,0.0002405153,0.0002468737,0.0002507718,0.0002533876,0.0002500347,0.0002500347,0.0002364407,0.0002108596,0.0001815038,0.0002087762,0.0002140028,0.0002868025,0.0001922496,0.0002054588,0.000191277,0.0,0.0,0.0,0.0,0.0,0.0,0.0,0.0,0.0,0.0,0.0,-6.333607e-05,-7.869807e-05,-8.584678e-05,-4.309926e-05,2.934319e-05,7.403558e-05,8.22505e-05,8.476887e-05,5.50109e-05,2.183602e-05,-2.98871e-05,-7.401938e-05,-7.401938e-05,-9.235765e-05,-0.0001103359,-6.763157e-05,-1.626517e-06,1.001355e-05,-3.464057e-05,-7.075472e-05,-5.985121e-05,-5.441934e-05,0.0,0.0,0.0,0.0,0.0,0.0,0.0,0.0,0.0,0.0,0.0,0.000134351,0.0001750218,0.0002904303,0.0003246216,0.0004052634,0.0004909997,0.0005298497,0.0005419779,0.0005557366,0.0005379476,0.0004962816,0.0004725559,0.0004725559,0.0004507824,0.0005157385,0.0006693945,0.0009034907,0.0009663132,0.001366955,0.001400784,0.0003343862,0.0002722644
9437,2,"(51385.8, 78628.9]",0.0,0.0,0.0,0.0,0.0,0.0,0.0,0.0,0.0,0.0,0.0,0.0001267661,0.0001557798,0.0002346945,0.0002349347,0.0002358245,0.0002382877,0.0002428744,0.0002443071,0.0002507718,0.0002547483,0.0002574275,0.0002540201,0.0002540201,0.0002402182,0.0002142283,0.0001843754,0.0002120252,0.0002173241,0.0002911903,0.0001951402,0.0002085433,0.000194257,0.0,0.0,0.0,0.0,0.0,0.0,0.0,0.0,0.0,0.0,0.0,-6.486857e-05,-8.060229e-05,-8.812869e-05,-4.463965e-05,2.90908e-05,7.458136e-05,8.294052e-05,8.55031e-05,5.528458e-05,2.158264e-05,-3.092578e-05,-7.563101e-05,-7.563101e-05,-9.409685e-05,-0.0001121744,-6.870891e-05,-1.644383e-06,1.018252e-05,-3.529433e-05,-7.171852e-05,-6.084196e-05,-5.531248e-05,0.0,0.0,0.0,0.0,0.0,0.0,0.0,0.0,0.0,0.0,0.0,0.0001372059,0.0001787409,0.0002964137,0.0003311794,0.0004131818,0.0005004169,0.0005400664,0.0005524443,0.0005664837,0.0005484621,0.0005059262,0.0004809276,0.0004809276,0.0004583195,0.0005230532,0.0006772984,0.0009138765,0.000977365,0.001382956,0.00141213,0.0003380651,0.0002766807
9437,2,"(78628.9, 121433.0]",0.0,0.0,0.0,0.0,0.0,0.0,0.0,0.0,0.0,0.0,0.0,0.0001281562,0.000157488,0.0002372451,0.0002374588,0.0002382923,0.0002407673,0.000245408,0.0002468577,0.0002533876,0.0002574275,0.0002601719,0.0002567441,0.0002567441,0.000242807,0.0002165316,0.000186305,0.0002141512,0.0002194878,0.0002939762,0.0001969152,0.0002104284,0.0001962073,0.0,0.0,0.0,0.0,0.0,0.0,0.0,0.0,0.0,0.0,0.0,-6.646831e-05,-8.259004e-05,-9.065292e-05,-4.659306e-05,2.815964e-05,7.427841e-05,8.275342e-05,8.535153e-05,5.483693e-05,2.078046e-05,-3.22174e-05,-7.717077e-05,-7.717077e-05,-9.554034e-05,-0.0001134799,-6.941608e-05,-1.627647e-06,1.032692e-05,-3.583701e-05,-7.217696e-05,-6.152447e-05,-5.591739e-05,0.0,0.0,0.0,0.0,0.0,0.0,0.0,0.0,0.0,0.0,0.0,0.0001399277,0.0001822866,0.0003019674,0.0003371707,0.0004201574,0.0005085855,0.0005489759,0.0005615854,0.0005758785,0.0005577573,0.0005144019,0.0004875284,0.0004875284,0.0004637964,0.0005269618,0.0006794946,0.0009163758,0.0009799457,0.001387267,0.001407381,0.000338689,0.0002797692
9437,2,"(121433.0, 139501.0]",0.0,0.0,0.0,0.0,0.0,0.0,0.0,0.0,0.0,0.0,0.0,0.0001265401,0.000155502,0.0002342284,0.0002343908,0.000235127,0.0002375691,0.000242134,0.00024356,0.0002500347,0.0002540201,0.0002567441,0.000253451,0.000253451,0.0002396925,0.0002137357,0.00018383,0.0002111804,0.000216422,0.0002896819,0.0001938889,0.000207195,0.0001934826,0.0,0.0,0.0,0.0,0.0,0.0,0.0,0.0,0.0,0.0,0.0,-6.690955e-05,-8.31383e-05,-9.175022e-05,-4.812082e-05,2.60298e-05,7.173742e-05,8.015145e-05,8.27309e-05,5.264266e-05,1.904205e-05,-3.315344e-05,-7.71912e-05,-7.71912e-05,-9.488128e-05,-0.0001120827,-6.84071e-05,-1.505989e-06,1.02921e-05,-3.55841e-05,-7.073358e-05,-6.06997e-05,-5.514714e-05,0.0,0.0,0.0,0.0,0.0,0.0,0.0,0.0,0.0,0.0,0.0,0.0001399318,0.000182292,0.0003016039,0.0003364855,0.000418535,0.0005062419,0.0005465157,0.000559089,0.0005733728,0.0005556137,0.0005122617,0.000483382,0.000483382,0.0004585856,0.0005174283,0.000662922,0.0008934248,0.000955283,0.001353266,0.001358491,0.000329699,0.0002763089
9437,2,"(139501.0, 172563.0]",0.0,0.0,0.0,0.0,0.0,0.0,0.0,0.0,0.0,0.0,0.0,0.0001265401,0.000155502,0.0002342284,0.0002343908,0.000235127,0.0002375691,0.000242134,0.00024356,0.0002500347,0.0002540201,0.0002567441,0.000253451,0.000253451,0.0002396925,0.0002137357,0.00018383,0.0002111804,0.000216422,0.0002896819,0.0001938889,0.000207195,0.0001934826,0.0,0.0,0.0,0.0,0.0,0.0,0.0,0.0,0.0,0.0,0.0,-6.690955e-05,-8.31383e-05,-9.175022e-05,-4.812082e-05,2.60298e-05,7.173742e-05,8.015145e-05,8.27309e-05,5.264266e-05,1.904205e-05,-3.315344e-05,-7.71912e-05,-7.71912e-05,-9.488128e-05,-0.0001120827,-6.84071e-05,-1.505989e-06,1.02921e-05,-3.55841e-05,-7.073358e-05,-6.06997e-05,-5.514714e-05,0.0,0.0,0.0,0.0,0.0,0.0,0.0,0.0,0.0,0.0,0.0,0.0001399318,0.000182292,0.0003016039,0.0003364855,0.000418535,0.0005062419,0.0005465157,0.000559089,0.0005733728,0.0005556137,0.0005122617,0.000483382,0.000483382,0.0004585856,0.0005174283,0.000662922,0.0008934248,0.000955283,0.001353266,0.001358491,0.000329699,0.0002763089
9437,2,"(172563.0, 303339.0]",0.0,0.0,0.0,0.0,0.0,0.0,0.0,0.0,0.0,0.0,0.0,0.0001197354,0.0001471399,0.0002215912,0.0002217239,0.0002223637,0.0002246533,0.00022897,0.0002303185,0.0002364407,0.0002402182,0.000242807,0.0002396925,0.0002396925,0.0002267553,0.0002021881,0.0001738517,0.0001996549,0.0002045999,0.0002737367,0.0001831268,0.0001957118,0.0001829127,0.0,0.0,0.0,0.0,0.0,0.0,0.0,0.0,0.0,0.0,0.0,-6.407892e-05,-7.962111e-05,-8.815533e-05,-4.68092e-05,2.354183e-05,6.689009e-05,7.487639e-05,7.732473e-05,4.88738e-05,1.709348e-05,-3.222058e-05,-7.369414e-05,-7.369414e-05,-9.021782e-05,-0.000106244,-6.480898e-05,-1.501193e-06,9.663209e-06,-3.387313e-05,-6.675375e-05,-5.755568e-05,-5.228691e-05,0.0,0.0,0.0,0.0,0.0,0.0,0.0,0.0,0.0,0.0,0.0,0.0001333806,0.0001737576,0.0002872197,0.0003202543,0.0003979281,0.0004810855,0.0005194167,0.0005313837,0.0005449654,0.0005282007,0.0004868918,0.0004584627,0.0004584627,0.0004343393,0.000488361,0.0006236818,0.0008400484,0.000898113,0.001272604,0.001270561,0.0003096601,0.0002614528
9437,2,"(303339.0, 504442.0]",0.0,0.0,0.0,0.0,0.0,0.0,0.0,0.0,0.0,0.0,0.0,0.0001067824,0.0001312222,0.0001976334,0.0001977387,0.0001983264,0.0002003482,0.0002041984,0.0002054011,0.0002108596,0.0002142283,0.0002165316,0.0002137357,0.0002137357,0.0002021881,0.0001803489,0.0001550596,0.0001780596,0.0001824674,0.0002441541,0.0001633497,0.0001745767,0.0001631246,0.0,0.0,0.0,0.0,0.0,0.0,0.0,0.0,0.0,0.0,0.0,-5.720833e-05,-7.108407e-05,-7.875961e-05,-4.189916e-05,2.082999e-05,5.94888e-05,6.662033e-05,6.880665e-05,4.343822e-05,1.509529e-05,-2.891092e-05,-6.59762e-05,-6.59762e-05,-8.08027e-05,-9.520894e-05,-5.823272e-05,-1.700995e-06,8.26844e-06,-3.047699e-05,-5.992934e-05,-5.175109e-05,-4.703947e-05,0.0,0.0,0.0,0.0,0.0,0.0,0.0,0.0,0.0,0.0,0.0,0.0001187955,0.0001547573,0.0002559169,0.0002853598,0.0003545515,0.0004286061,0.0004627111,0.0004733587,0.0004854087,0.0004704091,0.0004336725,0.0004088535,0.0004088535,0.0003876737,0.0004367177,0.0005585829,0.0007522699,0.000804248,0.001139258,0.001140858,0.0002772253,0.0002331866
9437,2,"(504442.0, 771881.0]",0.0,0.0,0.0,0.0,0.0,0.0,0.0,0.0,0.0,0.0,0.0,9.172777e-05,0.000112722,0.0001698483,0.0001700298,0.000170693,0.0001724842,0.0001757979,0.000176833,0.0001815038,0.0001843754,0.000186305,0.00018383,0.00018383,0.0001738517,0.0001550596,0.000133494,0.0001535142,0.000157351,0.0002108741,0.0001413595,0.00015106,0.0001406304,0.0,0.0,0.0,0.0,0.0,0.0,0.0,0.0,0.0,0.0,0.0,-4.66692e-05,-5.79887e-05,-6.330846e-05,-3.185683e-05,2.13991e-05,5.427233e-05,6.031695e-05,6.217e-05,4.029867e-05,1.589829e-05,-2.215768e-05,-5.46434e-05,-5.46434e-05,-6.817669e-05,-8.147943e-05,-5.01184e-05,-1.583607e-06,6.97556e-06,-2.582009e-05,-5.240693e-05,-4.43377e-05,-4.032725e-05,0.0,0.0,0.0,0.0,0.0,0.0,0.0,0.0,0.0,0.0,0.0,9.880097e-05,0.00012871,0.0002135364,0.0002386599,0.00029792,0.0003609196,0.0003894762,0.000398391,0.0004085118,0.0003954286,0.0003648265,0.00034752,0.00034752,0.000331596,0.0003797069,0.000492992,0.0006654609,0.000711745,0.00100673,0.001032517,0.000246181,0.0002001472
9437,2,"(771881.0, 1096880.0]",0.0,0.0,0.0,0.0,0.0,0.0,0.0,0.0,0.0,0.0,0.0,0.0001051594,0.0001292278,0.0001949094,0.0001952739,0.0001963097,0.0001984536,0.0002022806,0.000203476,0.0002087762,0.0002120252,0.0002141512,0.0002111804,0.0002111804,0.0001996549,0.0001780596,0.0001535142,0.0001770351,0.0001815428,0.0002438473,0.0001639482,0.000175183,0.0001621666,0.0,0.0,0.0,0.0,0.0,0.0,0.0,0.0,0.0,0.0,0.0,-4.898179e-05,-6.086221e-05,-6.463183e-05,-2.899908e-05,3.097586e-05,6.803816e-05,7.48218e-05,7.690132e-05,5.16695e-05,2.360044e-05,-2.046823e-05,-5.883634e-05,-5.883634e-05,-7.576043e-05,-9.261185e-05,-5.732516e-05,-1.708459e-06,8.099611e-06,-2.865482e-05,-6.143326e-05,-5.035057e-05,-4.586015e-05,0.0,0.0,0.0,0.0,0.0,0.0,0.0,0.0,0.0,0.0,0.0,0.0001073929,0.0001399029,0.0002335521,0.0002620645,0.0003296694,0.0004008233,0.0004323186,0.0004421498,0.00045326,0.0004378671,0.0004044527,0.0003917672,0.0003917672,0.0003775857,0.0004432897,0.0005885566,0.0007967862,0.000852667,0.001203635,0.001276824,0.0002964997,0.0002292655
9437,2,"(1096880.0, 1271800.0]",0.0,0.0,0.0,0.0,0.0,0.0,0.0,0.0,0.0,0.0,0.0,0.0001077335,0.000132391,0.0001997123,0.0002001118,0.000201219,0.0002034305,0.0002073559,0.000208582,0.0002140028,0.0002173241,0.0002194878,0.000216422,0.000216422,0.0002045999,0.0001824674,0.000157351,0.0001815428,0.000186179,0.0002501664,0.0001682772,0.000179806,0.0001662939,0.0,0.0,0.0,0.0,0.0,0.0,0.0,0.0,0.0,0.0,0.0,-4.942499e-05,-6.14129e-05,-6.488545e-05,-2.84514e-05,3.28112e-05,7.067631e-05,7.760158e-05,7.97245e-05,5.384866e-05,2.507652e-05,-2.014446e-05,-5.96399e-05,-5.96399e-05,-7.721381e-05,-9.474532e-05,-5.87063e-05,-1.732386e-06,8.31503e-06,-2.919809e-05,-6.316311e-05,-5.15029e-05,-4.69205e-05,0.0,0.0,0.0,0.0,0.0,0.0,0.0,0.0,0.0,0.0,0.0,0.0001090396,0.000142048,0.000237388,0.0002665499,0.000335754,0.0004084706,0.0004405291,0.000450536,0.0004618357,0.0004460002,0.0004120469,0.000400247,0.000400247,0.0003863994,0.000455475,0.000606871,0.0008219539,0.000879674,0.00124137,0.001323644,0.000306143,0.0002348459
9437,2,"(1271800.0, 3683540.0]",0.0,0.0,0.0,0.0,0.0,0.0,0.0,0.0,0.0,0.0,0.0,0.0001439532,0.0001769005,0.0002670293,0.0002677741,0.0002696464,0.0002727258,0.0002780012,0.0002796489,0.0002868025,0.0002911903,0.0002939762,0.0002896819,0.0002896819,0.0002737367,0.0002441541,0.0002108741,0.0002438473,0.0002501664,0.0003370735,0.0002274091,0.000242965,0.0002234205,0.0,0.0,0.0,0.0,0.0,0.0,0.0,0.0,0.0,0.0,0.0,-6.001844e-05,-7.457576e-05,-7.612265e-05,-2.805195e-05,5.230199e-05,0.0001020565,0.0001111174,0.0001138948,7.914438e-05,4.059417e-05,-2.043354e-05,-7.482839e-05,-7.482839e-05,-0.0001002968,-0.0001260163,-7.861514e-05,-2.355358e-06,1.109314e-05,-3.777025e-05,-8.646482e-05,-6.861877e-05,-6.259384e-05,0.0,0.0,0.0,0.0,0.0,0.0,0.0,0.0,0.0,0.0,0.0,0.0001375582,0.0001791999,0.0003014979,0.0003400576,0.0004319828,0.0005276221,0.0005685172,0.0005812806,0.0005957254,0.0005739413,0.0005309524,0.0005257999,0.0005257999,0.0005132342,0.0006211494,0.0008460085,0.001148971,0.001230274,0.001732229,0.001906698,0.0004301774,0.000313574
9437,2,"(3683540.0, 6069220.0]",0.0,0.0,0.0,0.0,0.0,0.0,0.0,0.0,0.0,0.0,0.0,9.61417e-05,0.0001181462,0.000178512,0.0001791792,0.0001807505,0.0001828864,0.0001864303,0.0001875372,0.0001922496,0.0001951402,0.0001969152,0.0001938889,0.0001938889,0.0001831268,0.0001633497,0.0001413595,0.0001639482,0.0001682772,0.0002274091,0.0001540314,0.0001645189,0.0001502141,0.0,0.0,0.0,0.0,0.0,0.0,0.0,0.0,0.0,0.0,0.0,-3.517125e-05,-4.370196e-05,-4.225311e-05,-1.062341e-05,4.179636e-05,7.432652e-05,8.021151e-05,8.201536e-05,5.865035e-05,3.280682e-05,-8.469466e-06,-4.616301e-05,-4.616301e-05,-6.485507e-05,-8.398075e-05,-5.298811e-05,-1.961955e-06,7.036567e-06,-2.451973e-05,-5.984306e-05,-4.59853e-05,-4.203735e-05,0.0,0.0,0.0,0.0,0.0,0.0,0.0,0.0,0.0,0.0,0.0,8.51103e-05,0.0001108749,0.0001883527,0.0002137599,0.000274614,0.0003371928,0.0003629458,0.000370982,0.000380045,0.0003649618,0.0003382391,0.0003436858,0.0003436858,0.000340348,0.0004256582,0.0005947942,0.0008101244,0.0008679108,0.001219118,0.001390138,0.0003050317,0.000209184
9437,2,"(6069220.0, 10000000.0]",0.0,0.0,0.0,0.0,0.0,0.0,0.0,0.0,0.0,0.0,0.0,0.0001027696,0.000126291,0.0001907828,0.0001914937,0.000193154,0.0001954364,0.0001992232,0.000200406,0.0002054588,0.0002085433,0.0002104284,0.000207195,0.000207195,0.0001957118,0.0001745767,0.00015106,0.000175183,0.000179806,0.000242965,0.0001645189,0.00017579,0.0001605056,0.0,0.0,0.0,0.0,0.0,0.0,0.0,0.0,0.0,0.0,0.0,-3.778503e-05,-4.69497e-05,-4.550353e-05,-1.169664e-05,4.43766e-05,7.916904e-05,8.547514e-05,8.74081e-05,6.243851e-05,3.482347e-05,-9.271342e-06,-4.95171e-05,-4.95171e-05,-6.945943e-05,-8.984566e-05,-5.66738e-05,-2.123644e-06,7.49634e-06,-2.625644e-05,-6.392228e-05,-4.91959e-05,-4.498102e-05,0.0,0.0,0.0,0.0,0.0,0.0,0.0,0.0,0.0,0.0,0.0,9.121607e-05,0.000118829,0.0002017964,0.0002289504,0.000294015,0.0003609293,0.0003884593,0.00039705,0.0004067528,0.0003906517,0.0003620463,0.00036763,0.00036763,0.0003639486,0.000454766,0.000635035,0.0008649244,0.000926618,0.001301507,0.001482741,0.000325576,0.0002235858
9437,2,"(10000000.0, 20000000.0]",0.0,0.0,0.0,0.0,0.0,0.0,0.0,0.0,0.0,0.0,0.0,9.635098e-05,0.0001184034,0.0001785595,0.0001788987,0.0001798542,0.0001818317,0.0001853253,0.0001864166,0.000191277,0.000194257,0.0001962073,0.0001934826,0.0001934826,0.0001829127,0.0001631246,0.0001406304,0.0001621666,0.0001662939,0.0002234205,0.0001502141,0.0001605056,0.0001486229,0.0,0.0,0.0,0.0,0.0,0.0,0.0,0.0,0.0,0.0,0.0,-4.471438e-05,-5.555974e-05,-5.88909e-05,-2.626302e-05,2.867805e-05,6.262079e-05,6.882483e-05,7.072665e-05,4.76201e-05,2.191764e-05,-1.843271e-05,-5.355927e-05,-5.355927e-05,-6.901555e-05,-8.43945e-05,-5.204931e-05,-1.109632e-06,7.873639e-06,-2.58365e-05,-5.58092e-05,-4.567921e-05,-4.158041e-05,0.0,0.0,0.0,0.0,0.0,0.0,0.0,0.0,0.0,0.0,0.0,9.833509e-05,0.0001281031,0.0002138717,0.0002400253,0.0003020078,0.0003672341,0.0003960741,0.0004050765,0.000415286,0.0004012131,0.0003705943,0.0003588298,0.0003588298,0.0003456802,0.0004054969,0.0005382045,0.000728751,0.0007798865,0.001100917,0.00116689,0.0002712895,0.0002100813
9437,18,"(1e-05, 0.54]",3.841102e-05,-7.406223e-07,-4.857785e-06,3.346817e-05,3.670996e-05,3.48926e-05,2.48488e-05,2.48488e-05,1.074211e-05,1.252754e-05,2.217082e-05,1.307902e-05,1.099813e-05,3.727536e-07,0.0,0.0,0.0,0.0,0.0,0.0,0.0,0.0,0.0,0.0,0.0,0.0,0.0,0.0,0.0,0.0,0.0,0.0,0.0,0.0002373758,-6.238781e-06,-4.261567e-05,-2.981634e-05,-3.266218e-05,-4.742191e-05,-4.04741e-05,-4.04741e-05,-2.460878e-05,-2.280178e-05,-2.330552e-05,-1.157632e-05,-8.731428e-06,-3.791846e-07,0.0,0.0,0.0,0.0,0.0,0.0,0.0,0.0,0.0,0.0,0.0,0.0,0.0,0.0,0.0,0.0,0.0,0.0,0.0,0.0001589503,9.597472e-05,6.596288e-05,8.56723e-05,7.62129e-05,6.908258e-05,5.13144e-05,5.13144e-05,2.49594e-05,2.961175e-05,5.319383e-05,3.362575e-05,2.770211e-05,7.977143e-07,0.0,0.0,0.0,0.0,0.0,0.0,0.0,0.0,0.0,0.0,0.0,0.0,0.0,0.0,0.0,0.0,0.0,0.0,0.0
9437,18,"(0.54, 8.31529]",-0.0001223413,-0.0001285793,1.411363e-05,-6.789625e-05,6.085951e-05,-9.243687e-06,8.161624e-05,8.161624e-05,5.735412e-05,5.05956e-05,4.235505e-05,2.617052e-05,2.246628e-05,7.614371e-07,0.0,0.0,0.0,0.0,0.0,0.0,0.0,0.0,0.0,0.0,0.0,0.0,0.0,0.0,0.0,0.0,0.0,0.0,0.0,-6.238781e-06,0.0005441456,0.0006597974,0.0006876426,0.0007838573,0.0008269649,0.0006699661,0.0006699661,0.0007715809,0.0007636088,0.0007147835,0.0003217589,0.0002264317,9.833377e-06,0.0,0.0,0.0,0.0,0.0,0.0,0.0,0.0,0.0,0.0,0.0,0.0,0.0,0.0,0.0,0.0,0.0,0.0,0.0,0.0001356248,-0.0001965978,-0.0001612581,-0.0002829934,-0.0002783566,-0.0002468545,-7.391101e-05,-7.391101e-05,0.0001040821,0.0001013213,1.365509e-05,9.447073e-06,8.173221e-06,2.353574e-07,0.0,0.0,0.0,0.0,0.0,0.0,0.0,0.0,0.0,0.0,0.0,0.0,0.0,0.0,0.0,0.0,0.0,0.0,0.0
9437,18,"(8.31529, 27.1478]",-0.0002201702,-0.0002262888,-1.988868e-06,7.21066e-05,0.0003259082,0.0002199252,0.0002468141,0.0002468141,0.0001154415,0.0001177975,0.0001715581,9.480577e-05,7.723905e-05,2.61782e-06,0.0,0.0,0.0,0.0,0.0,0.0,0.0,0.0,0.0,0.0,0.0,0.0,0.0,0.0,0.0,0.0,0.0,0.0,0.0,-4.261567e-05,0.0006597974,0.0008310273,0.0008595867,0.0009707243,0.001033014,0.0008667192,0.0008667192,0.0009675038,0.0009574755,0.0009041001,0.0004129449,0.0002938164,1.275973e-05,0.0,0.0,0.0,0.0,0.0,0.0,0.0,0.0,0.0,0.0,0.0,0.0,0.0,0.0,0.0,0.0,0.0,0.0,0.0,0.0001088299,5.286611e-05,3.946013e-05,-1.629898e-05,-3.952872e-05,-2.734174e-05,0.0001383917,0.0001383917,0.0002776015,0.0002978273,0.0002851866,0.0001679816,0.0001325013,3.81553e-06,0.0,0.0,0.0,0.0,0.0,0.0,0.0,0.0,0.0,0.0,0.0,0.0,0.0,0.0,0.0,0.0,0.0,0.0,0.0
9437,18,"(27.1478, 51.3858]",-0.0002254435,-0.0002336489,-6.338085e-06,7.708984e-05,0.0003157023,0.0001899533,0.0002337336,0.0002337336,0.0001214115,0.0001221333,0.0001648331,9.095388e-05,7.404473e-05,2.509557e-06,0.0,0.0,0.0,0.0,0.0,0.0,0.0,0.0,0.0,0.0,0.0,0.0,0.0,0.0,0.0,0.0,0.0,0.0,0.0,-2.981634e-05,0.0006876426,0.0008595867,0.0009211434,0.001045244,0.001092803,0.0009036579,0.0009036579,0.001046049,0.001037479,0.000975129,0.0004372748,0.0003068196,1.332442e-05,0.0,0.0,0.0,0.0,0.0,0.0,0.0,0.0,0.0,0.0,0.0,0.0,0.0,0.0,0.0,0.0,0.0,0.0,0.0,0.0001266185,2.96129e-05,1.848438e-05,-2.479033e-05,-5.605604e-05,-4.8309e-05,0.0001162131,0.0001162131,0.0002741196,0.0002897657,0.0002571995,0.0001501172,0.0001177012,3.389344e-06,0.0,0.0,0.0,0.0,0.0,0.0,0.0,0.0,0.0,0.0,0.0,0.0,0.0,0.0,0.0,0.0,0.0,0.0,0.0
9437,18,"(51.3858, 172.563]",-0.0002372469,-0.0002445793,1.927937e-06,2.298773e-05,0.0002587544,0.0001336855,0.0002291799,0.0002291799,0.000125582,0.0001219823,0.0001505923,8.554646e-05,7.065906e-05,2.394808e-06,0.0,0.0,0.0,0.0,0.0,0.0,0.0,0.0,0.0,0.0,0.0,0.0,0.0,0.0,0.0,0.0,0.0,0.0,0.0,-3.266218e-05,0.0007838573,0.0009707243,0.001045244,0.001200547,0.001249021,0.001011002,0.001011002,0.001196625,0.001187674,0.001111575,0.0004965004,0.0003473156,1.508307e-05,0.0,0.0,0.0,0.0,0.0,0.0,0.0,0.0,0.0,0.0,0.0,0.0,0.0,0.0,0.0,0.0,0.0,0.0,0.0,0.0001511467,-4.626214e-05,-4.257223e-05,-0.0001452631,-0.0001775588,-0.0001569153,6.226373e-05,6.226373e-05,0.0002642153,0.0002758051,0.0002131185,0.0001259966,9.962307e-05,2.868762e-06,0.0,0.0,0.0,0.0,0.0,0.0,0.0,0.0,0.0,0.0,0.0,0.0,0.0,0.0,0.0,0.0,0.0,0.0,0.0
9437,18,"(172.563, 455.653]",-0.0002616086,-0.0002684823,-5.685281e-07,3.955542e-05,0.000318784,0.0001978728,0.0002773913,0.0002773913,0.0001356763,0.0001354171,0.000186336,0.0001041801,8.537669e-05,2.893624e-06,0.0,0.0,0.0,0.0,0.0,0.0,0.0,0.0,0.0,0.0,0.0,0.0,0.0,0.0,0.0,0.0,0.0,0.0,0.0,-4.742191e-05,0.0008269649,0.001033014,0.001092803,0.001249021,0.001316529,0.001080615,0.001080615,0.001246586,0.001235987,0.001161891,0.000524727,0.0003701846,1.607621e-05,0.0,0.0,0.0,0.0,0.0,0.0,0.0,0.0,0.0,0.0,0.0,0.0,0.0,0.0,0.0,0.0,0.0,0.0,0.0,0.0001473493,-1.389787e-05,-1.577401e-05,-0.0001157442,-0.000143757,-0.0001166675,0.0001149376,0.0001149376,0.0003066877,0.000326194,0.0002879144,0.0001703263,0.00013473,3.879708e-06,0.0,0.0,0.0,0.0,0.0,0.0,0.0,0.0,0.0,0.0,0.0,0.0,0.0,0.0,0.0,0.0,0.0,0.0,0.0
